100 1 2	1
10007 2 3	1
10037 1 3	1
10039 2 3	1
10040 2 3	1
10042 3 1	1
10049 1 3	1
10067 3 2	1
10076 1 3	1
10077 2 3	1
10096 2 1	1
1010 3 2	1
10100 2 3	1
10103 1 2	1
10109 3 1	1
10118 1 2	1
10121 1 3	1
10140 3 2	1
10142 1 3	1
10145 1 3	1
10159 1 2	1
10171 2 3	1
10177 1 3	1
10192 2 3	1
10195 2 3	1
10202 1 3	1
10205 1 2	1
10210 2 3	1
10216 1 2	1
10226 1 3	1
10227 1 3	1
1023 3 1	1
10234 2 3	1
10235 2 3	1
10238 2 3	1
10245 1 2	1
10248 1 2	1
10260 2 3	1
10265 1 3	1
10271 1 2	1
10273 2 3	1
10286 2 3	1
10287 1 2	1
10288 2 1	1
10289 2 3	1
10300 3 1	1
10304 2 3	1
10318 2 3	1
1032 2 3	1
10338 1 3	1
10347 1 3	1
10350 2 3	1
10351 1 2	1
10357 2 3	1
10369 3 2	1
10415 1 3	1
1042 1 3	1
10422 3 1	1
10423 2 3	1
10427 1 3	1
10451 2 1	1
10463 2 3	1
10475 1 3	1
10479 3 1	1
10480 1 3	1
10481 1 2	1
10483 3 2	1
1049 3 2	1
10495 1 3	1
1050 1 3	1
10502 1 3	1
10516 3 2	1
10520 1 2	1
10523 3 2	1
10533 2 3	1
10538 2 3	1
10561 2 3	1
10564 1 3	1
10570 1 2	1
10574 2 3	1
10576 1 3	1
10577 2 1	1
10580 2 3	1
10593 2 1	1
10607 1 3	1
1061 1 2	1
10613 1 3	1
10618 1 2	1
10620 3 1	1
10621 2 1	1
10624 1 3	1
10625 3 2	1
10627 1 3	1
1063 2 3	1
10637 1 3	1
10640 1 3	1
10646 1 3	1
10649 2 3	1
10655 1 3	1
10656 3 1	1
10667 1 3	1
10673 1 2	1
1068 1 3	1
10693 1 3	1
10701 3 2	1
1072 1 2	1
10727 1 3	1
10728 1 2	1
10732 3 1	1
10736 1 3	1
10741 2 3	1
10742 1 2	1
10744 1 2	1
10745 1 3	1
10749 1 2	1
10751 2 1	1
10755 2 1	1
10759 1 3	1
10784 1 3	1
10786 3 1	1
10800 1 3	1
10801 1 3	1
10805 3 2	1
1081 1 3	1
10813 1 3	1
10815 2 3	1
10835 3 2	1
10837 1 3	1
10842 1 3	1
10849 3 1	1
10858 1 3	1
10871 1 2	1
10878 1 3	1
10884 1 3	1
1091 1 3	1
10918 1 3	1
10925 2 1	1
1093 1 3	1
10931 2 3	1
10945 1 3	1
10946 1 2	1
10949 2 3	1
10952 2 3	1
10962 2 3	1
10965 3 2	1
10974 2 3	1
10983 1 3	1
10986 1 3	1
10987 1 3	1
10992 1 3	1
10995 1 2	1
11005 2 3	1
11026 1 2	1
11029 2 3	1
11043 2 3	1
11050 3 2	1
11051 1 2	1
11063 2 3	1
11074 1 3	1
11094 2 1	1
11104 2 3	1
11110 1 2	1
11111 1 3	1
11137 1 2	1
11139 3 2	1
11140 1 3	1
11142 2 3	1
11143 2 3	1
11147 1 2	1
11165 1 2	1
11170 2 3	1
1118 1 3	1
11180 3 2	1
11181 2 3	1
11186 2 3	1
1119 3 1	1
11198 2 1	1
11218 2 1	1
11219 2 3	1
11221 2 3	1
11224 1 2	1
11227 1 2	1
11231 2 3	1
11233 2 1	1
11241 2 3	1
11250 1 2	1
11253 3 2	1
11254 2 3	1
11257 3 1	1
11259 1 2	1
11260 1 2	1
11266 1 2	1
1127 1 2	1
11276 2 3	1
11284 2 3	1
1129 3 2	1
11302 2 3	1
11324 1 2	1
11336 2 3	1
11341 3 1	1
11361 1 3	1
11362 1 3	1
11363 1 2	1
11408 1 2	1
1141 3 1	1
11412 3 1	1
11414 1 3	1
11417 3 1	1
11421 2 3	1
11428 1 3	1
11437 1 2	1
11440 2 3	1
11451 1 3	1
11471 2 3	1
11477 1 3	1
11479 2 3	1
1149 2 3	1
11501 1 3	1
11508 3 1	1
11526 1 2	1
11533 2 3	1
11536 1 2	1
11537 3 2	1
11542 2 3	1
11543 1 3	1
11546 1 3	1
11550 1 3	1
11553 2 3	1
11556 2 3	1
11574 2 3	1
11591 3 2	1
11595 1 3	1
11614 1 2	1
11638 1 2	1
11655 2 3	1
1166 2 3	1
11661 2 3	1
11676 1 2	1
11679 2 3	1
11686 2 3	1
11688 2 1	1
11689 2 1	1
117 2 3	1
11706 2 3	1
11707 1 3	1
11716 2 3	1
11725 1 2	1
11732 2 3	1
1174 2 3	1
1175 1 3	1
11750 2 1	1
11758 1 2	1
11787 1 3	1
11792 2 3	1
11800 2 3	1
11819 1 3	1
11823 3 2	1
11828 3 2	1
11849 2 3	1
11854 2 1	1
11855 3 1	1
11871 3 1	1
11878 1 2	1
11880 1 3	1
1189 1 2	1
11893 1 3	1
11895 2 3	1
11898 2 3	1
11909 3 1	1
11911 1 3	1
11914 3 1	1
11927 2 1	1
11945 1 3	1
11948 1 3	1
11956 1 3	1
11961 3 1	1
11962 2 1	1
1198 2 3	1
11980 2 3	1
11981 1 3	1
11997 1 3	1
11998 1 2	1
12003 2 3	1
12013 3 2	1
12015 1 3	1
1202 3 1	1
12021 1 3	1
12022 3 1	1
12025 1 3	1
12027 1 2	1
12038 1 3	1
12041 1 3	1
12047 1 2	1
12068 2 3	1
12070 2 3	1
1208 2 3	1
12082 1 3	1
12091 1 3	1
12102 2 1	1
12103 3 1	1
12115 1 2	1
1212 1 2	1
12120 1 2	1
12129 1 3	1
12133 3 1	1
12141 2 3	1
12143 2 3	1
12149 2 3	1
12159 2 3	1
12163 2 3	1
12171 1 3	1
12172 3 2	1
12174 2 1	1
12178 3 1	1
12181 2 3	1
12197 1 3	1
12204 2 3	1
12211 3 2	1
12213 1 2	1
12218 3 2	1
12221 1 3	1
12228 2 3	1
12235 3 1	1
1224 1 3	1
12240 2 3	1
12242 2 3	1
12247 1 2	1
12248 1 3	1
12252 1 2	1
12253 2 3	1
12266 2 3	1
12276 1 3	1
12282 1 3	1
12285 2 3	1
12287 2 3	1
12293 1 3	1
12298 2 3	1
12304 1 3	1
12317 1 3	1
12323 1 2	1
12330 1 3	1
12332 2 3	1
12336 1 2	1
12339 2 1	1
1234 3 1	1
12353 1 3	1
12354 1 3	1
12355 3 1	1
12359 2 3	1
12360 2 3	1
12363 2 3	1
12373 1 2	1
12381 3 1	1
12396 2 3	1
124 3 1	1
12402 1 2	1
12408 2 3	1
12412 1 2	1
12424 2 3	1
12438 3 2	1
12450 2 3	1
12452 2 3	1
12460 3 1	1
12475 2 3	1
12477 2 3	1
12481 1 3	1
12488 1 3	1
12498 1 2	1
12501 1 2	1
12502 3 1	1
12503 1 3	1
12506 2 3	1
12520 2 1	1
12521 1 2	1
12530 1 3	1
12538 2 3	1
12539 2 3	1
12540 1 3	1
12553 2 3	1
12556 3 2	1
12559 2 3	1
1256 1 2	1
1257 2 1	1
12591 1 3	1
12611 2 3	1
12614 3 2	1
12630 2 3	1
1264 1 3	1
12646 1 2	1
12653 2 3	1
12662 1 3	1
12674 2 3	1
12676 1 2	1
12678 2 1	1
12682 1 3	1
12688 3 1	1
12699 3 1	1
12704 2 3	1
12706 1 2	1
12710 2 3	1
12712 1 3	1
12718 2 3	1
12721 1 2	1
12725 3 1	1
12728 2 3	1
12729 1 3	1
12747 2 3	1
12764 2 3	1
12773 2 3	1
1278 1 3	1
12793 3 2	1
12795 2 3	1
12803 1 2	1
12804 1 3	1
1282 3 2	1
12822 1 3	1
12824 2 3	1
12832 1 3	1
12834 1 3	1
12840 2 3	1
12842 2 3	1
12859 2 3	1
12869 1 3	1
1288 1 3	1
12882 2 1	1
1290 1 3	1
12905 1 3	1
12911 3 2	1
12939 1 3	1
12945 1 2	1
12946 2 3	1
12950 2 1	1
12960 1 3	1
12962 2 3	1
12964 1 3	1
12968 1 2	1
12971 1 2	1
12991 1 3	1
12997 1 2	1
130 3 2	1
13000 1 3	1
13005 3 2	1
13015 2 3	1
1302 1 3	1
13026 2 1	1
1303 2 1	1
13039 2 1	1
13047 1 2	1
1305 1 2	1
13051 2 1	1
13055 1 2	1
13056 1 2	1
13063 2 3	1
13068 1 3	1
13077 1 3	1
13084 2 3	1
1309 2 1	1
13096 1 2	1
13107 3 1	1
13108 2 3	1
1311 1 3	1
13111 3 2	1
13116 2 3	1
13124 2 3	1
13125 1 3	1
13132 1 3	1
13134 1 3	1
13140 2 3	1
13152 1 3	1
13154 1 3	1
1316 1 2	1
13166 1 3	1
13181 1 3	1
13191 1 3	1
13199 1 3	1
13204 2 3	1
13237 2 3	1
1326 1 3	1
13276 2 3	1
13287 1 3	1
13306 1 3	1
13307 1 3	1
13312 2 3	1
13314 1 3	1
13319 1 2	1
13320 1 3	1
13350 3 2	1
13351 1 3	1
13352 2 3	1
13354 1 3	1
1336 2 3	1
13370 1 2	1
13375 1 3	1
13384 1 2	1
13385 1 3	1
13397 2 3	1
134 1 3	1
13403 1 3	1
13415 2 1	1
13421 1 3	1
13440 1 3	1
13442 2 3	1
13444 2 3	1
13447 3 1	1
13452 1 3	1
13456 2 3	1
13499 2 3	1
13505 2 3	1
13508 1 2	1
13513 2 3	1
13517 1 2	1
13543 3 2	1
13549 1 2	1
13552 2 3	1
13559 2 3	1
13560 2 3	1
13566 1 3	1
13567 1 3	1
13575 1 2	1
1358 2 3	1
13602 3 1	1
13611 1 3	1
13613 2 3	1
1363 2 3	1
13632 1 3	1
13639 1 3	1
1364 2 3	1
13647 3 1	1
13648 1 3	1
1365 1 2	1
13660 1 3	1
13661 3 1	1
13662 2 1	1
13669 1 3	1
13679 2 3	1
1368 1 3	1
13693 2 3	1
137 3 2	1
13706 1 2	1
13713 2 3	1
1373 1 3	1
13732 1 3	1
13744 2 3	1
13746 2 3	1
13748 2 3	1
13749 1 2	1
13757 3 2	1
13758 2 3	1
13764 2 3	1
13765 1 3	1
13777 2 3	1
13780 2 3	1
13824 1 3	1
13838 2 3	1
13840 1 3	1
13844 2 3	1
13848 1 3	1
13852 1 2	1
13858 1 3	1
13859 2 3	1
13865 1 2	1
13867 2 3	1
13876 1 2	1
13893 1 3	1
13895 2 1	1
1390 3 2	1
13914 2 1	1
13916 2 3	1
1393 1 2	1
13934 2 3	1
13937 3 2	1
13938 2 3	1
13942 1 2	1
13951 1 3	1
13954 1 3	1
13956 2 3	1
1396 2 3	1
13962 3 1	1
13979 3 2	1
1398 1 3	1
13986 2 3	1
13990 3 2	1
13992 1 3	1
14008 2 3	1
14010 2 3	1
14015 2 3	1
14018 2 3	1
14024 3 2	1
14031 3 1	1
14034 2 3	1
14038 2 3	1
14047 3 2	1
14052 1 2	1
14059 3 2	1
14062 3 1	1
14073 3 1	1
14085 2 3	1
14087 1 3	1
14088 2 1	1
14097 2 3	1
14108 1 3	1
14109 1 3	1
14120 2 3	1
14121 1 3	1
14124 2 3	1
14125 1 2	1
14142 1 2	1
14148 3 2	1
14152 2 3	1
14156 1 3	1
14159 1 3	1
14167 1 3	1
1418 1 2	1
14184 1 2	1
14205 1 3	1
14209 2 3	1
14225 3 1	1
14227 1 2	1
14235 2 3	1
14239 3 1	1
14241 2 3	1
14248 1 2	1
14273 3 2	1
14275 2 3	1
14285 2 3	1
14293 1 3	1
14317 2 1	1
14321 1 3	1
14324 1 3	1
14326 1 3	1
14333 2 1	1
14344 2 3	1
14349 2 3	1
1435 1 3	1
14358 3 1	1
14359 2 3	1
14381 2 3	1
14400 1 3	1
14406 3 2	1
14407 1 2	1
14408 1 3	1
14409 3 2	1
14415 1 2	1
14425 2 3	1
14455 2 3	1
14459 3 1	1
14466 1 3	1
14469 1 2	1
14471 2 3	1
1448 2 3	1
14481 2 3	1
14488 2 3	1
14493 3 2	1
14494 2 3	1
145 1 3	1
14507 3 1	1
14514 2 3	1
14515 3 1	1
1452 1 2	1
14536 2 3	1
14537 2 3	1
14538 2 3	1
14540 2 3	1
14564 1 2	1
14568 2 3	1
14573 1 3	1
14577 1 3	1
1458 1 3	1
14583 1 3	1
14587 1 2	1
14600 1 3	1
14604 1 3	1
14612 1 2	1
14623 2 3	1
14625 1 2	1
14630 1 2	1
14653 1 3	1
14658 3 1	1
14667 1 3	1
14673 2 3	1
14687 2 1	1
14701 1 3	1
14704 1 3	1
14710 2 3	1
14713 1 3	1
14714 1 3	1
14718 1 2	1
14724 2 3	1
14739 2 1	1
14740 2 1	1
14746 3 2	1
14756 2 3	1
14760 2 3	1
14761 1 3	1
14784 2 3	1
14791 1 3	1
14795 1 2	1
14800 3 2	1
1481 2 1	1
14821 1 3	1
14833 2 3	1
14837 1 2	1
14840 2 1	1
14866 1 2	1
1487 1 2	1
14874 2 3	1
14878 3 1	1
14880 2 3	1
14883 1 2	1
14884 1 3	1
14899 3 2	1
14906 2 3	1
14911 1 3	1
14917 1 2	1
14918 2 3	1
14927 3 1	1
14928 3 1	1
14932 2 1	1
14947 1 2	1
14977 1 3	1
1498 2 1	1
14982 2 3	1
14987 3 1	1
14991 2 3	1
14999 1 2	1
15010 1 3	1
15016 3 2	1
15049 1 2	1
15051 2 1	1
15057 1 2	1
15058 3 2	1
15067 2 1	1
15074 2 3	1
15076 1 2	1
15082 2 3	1
15088 1 3	1
15089 3 1	1
15095 1 3	1
151 3 2	1
15102 1 2	1
15106 2 3	1
15113 3 2	1
15123 2 3	1
15125 1 3	1
15126 1 2	1
15130 2 3	1
15135 1 2	1
15140 3 2	1
15152 1 3	1
15155 3 1	1
15163 2 3	1
15166 2 3	1
15169 1 2	1
15175 2 1	1
152 1 2	1
15228 1 3	1
15230 2 3	1
15242 1 2	1
15264 2 3	1
15285 3 1	1
1529 3 2	1
15293 2 3	1
15296 1 3	1
1531 2 3	1
15315 1 2	1
15320 1 2	1
15327 1 3	1
1535 1 2	1
15356 2 3	1
15358 1 3	1
15366 1 2	1
15367 1 3	1
15374 1 3	1
15392 1 3	1
15396 1 3	1
15400 3 1	1
15402 2 3	1
15405 1 3	1
15407 2 3	1
15408 1 2	1
15414 3 1	1
15415 3 2	1
15416 2 3	1
15435 1 2	1
15457 3 1	1
15458 1 3	1
15466 2 3	1
15480 1 2	1
15482 3 1	1
15489 2 3	1
15491 1 3	1
15503 1 3	1
15504 1 3	1
15509 2 3	1
15512 1 2	1
15513 1 3	1
15517 1 2	1
15530 2 3	1
15537 2 3	1
15540 2 1	1
15547 2 3	1
1557 1 3	1
15571 3 2	1
15591 1 2	1
15595 1 2	1
15599 2 3	1
15606 1 2	1
15615 2 1	1
15617 2 3	1
15620 3 2	1
15633 1 3	1
15643 1 3	1
15650 1 2	1
15654 2 3	1
15655 1 3	1
15668 2 3	1
15669 1 3	1
15691 2 3	1
15713 2 3	1
15714 1 3	1
15716 2 3	1
15721 1 2	1
1573 1 2	1
15742 1 2	1
15763 1 2	1
15775 1 3	1
1578 2 3	1
15781 2 3	1
15783 2 3	1
15784 1 3	1
15789 3 1	1
15825 1 3	1
15827 1 3	1
1585 3 2	1
1587 1 3	1
15897 3 2	1
15900 2 1	1
15906 2 3	1
15925 2 3	1
15931 1 3	1
15933 2 3	1
15935 2 3	1
15940 1 3	1
1595 1 3	1
15952 1 2	1
15962 1 2	1
15963 2 3	1
15978 1 3	1
15981 1 3	1
15985 2 3	1
15991 3 2	1
15994 2 3	1
15998 2 3	1
15999 3 2	1
16000 3 2	1
16003 1 2	1
16004 1 2	1
16014 2 3	1
16017 2 3	1
16020 1 3	1
16021 2 1	1
16037 1 2	1
16038 1 3	1
1604 3 2	1
16046 2 3	1
1606 1 3	1
16111 3 1	1
16116 3 1	1
16118 1 2	1
16123 1 3	1
16124 1 3	1
1613 1 3	1
16135 1 2	1
16137 3 1	1
16139 2 3	1
16142 1 3	1
16149 1 2	1
16151 1 2	1
16154 2 1	1
16170 2 3	1
16172 1 3	1
16184 2 3	1
16195 1 3	1
162 1 3	1
16215 1 3	1
16228 2 3	1
16239 2 3	1
16241 2 3	1
16255 1 3	1
16264 2 3	1
16272 2 3	1
16279 1 2	1
16283 1 2	1
1629 1 3	1
16299 2 3	1
1630 1 3	1
16302 2 3	1
16303 3 1	1
16306 3 2	1
16309 1 3	1
16314 1 2	1
16321 1 2	1
16326 1 3	1
16327 2 3	1
16328 3 2	1
16343 1 2	1
16359 2 3	1
16366 1 2	1
16379 3 2	1
16380 1 3	1
16382 1 2	1
16389 3 2	1
16404 2 3	1
1641 1 2	1
16410 2 3	1
16420 3 1	1
16422 1 3	1
16429 3 2	1
16436 3 1	1
16444 3 2	1
16445 2 3	1
16460 1 2	1
16465 1 3	1
16478 2 3	1
16480 1 3	1
16483 3 1	1
16488 1 2	1
16491 2 3	1
16498 1 3	1
16513 1 2	1
16515 1 3	1
16535 1 3	1
16537 3 2	1
16549 3 2	1
1655 3 2	1
16552 2 3	1
16557 1 3	1
16560 1 2	1
16566 2 3	1
16569 1 3	1
1658 1 3	1
16582 2 3	1
1659 3 1	1
16623 1 3	1
16645 2 3	1
16649 3 2	1
16669 1 2	1
16677 2 3	1
16710 2 3	1
16711 1 3	1
16718 2 3	1
16719 1 3	1
16725 1 3	1
16732 1 3	1
16737 3 2	1
16745 1 3	1
16752 3 1	1
16754 2 3	1
16788 2 3	1
16800 3 1	1
16804 1 2	1
16812 1 3	1
16822 3 2	1
16829 2 3	1
16840 1 2	1
16845 1 2	1
16875 3 2	1
16887 1 2	1
16905 1 3	1
16910 2 3	1
16923 3 2	1
1693 1 2	1
16932 1 2	1
16940 1 2	1
16947 1 3	1
16951 1 3	1
1696 2 3	1
16964 1 3	1
1697 1 2	1
1699 3 2	1
16995 3 2	1
17 1 2	1
17004 2 3	1
17017 1 2	1
17024 2 3	1
17048 1 3	1
17051 1 3	1
17053 3 1	1
17063 3 2	1
17064 1 3	1
17081 1 3	1
17090 1 3	1
17094 2 3	1
17096 1 3	1
17100 2 1	1
17107 2 3	1
17125 3 2	1
17126 2 1	1
1713 1 3	1
17130 2 3	1
17131 1 2	1
17137 3 2	1
17142 2 3	1
17145 3 1	1
17160 1 3	1
17174 2 3	1
17182 3 2	1
17190 1 3	1
17202 1 3	1
17204 1 2	1
17215 2 3	1
17236 3 2	1
1724 3 2	1
17241 2 3	1
17254 2 3	1
17268 2 1	1
17271 3 1	1
17277 2 3	1
17285 1 3	1
17301 1 2	1
17303 1 3	1
17305 1 2	1
17306 2 3	1
17316 1 3	1
17323 2 3	1
17328 2 1	1
17338 2 3	1
17348 3 1	1
17353 1 3	1
17359 1 3	1
17382 1 2	1
17386 1 2	1
1739 2 1	1
1740 1 3	1
17401 2 3	1
17442 3 1	1
17456 3 2	1
17459 1 3	1
17462 1 3	1
17472 3 1	1
17475 1 2	1
17488 3 1	1
17489 2 3	1
17490 1 3	1
17498 1 3	1
17504 1 2	1
17514 1 3	1
17544 1 3	1
17556 2 3	1
17561 1 2	1
17567 1 3	1
17568 1 3	1
17570 3 1	1
17582 2 3	1
17592 1 3	1
17596 1 3	1
17601 2 3	1
17629 1 3	1
17635 1 2	1
17652 2 3	1
17656 1 3	1
1766 1 3	1
17663 3 1	1
17690 1 2	1
17697 2 3	1
17699 1 3	1
17701 1 3	1
17705 1 3	1
17718 1 3	1
17719 1 3	1
17722 2 1	1
17725 2 3	1
17729 1 2	1
17738 1 3	1
17739 2 3	1
17744 2 3	1
17748 1 3	1
17750 1 2	1
17754 2 3	1
17756 1 3	1
17759 2 3	1
17766 2 3	1
17770 1 2	1
17771 3 2	1
17776 1 3	1
1778 2 3	1
17792 2 1	1
17805 3 2	1
17806 1 2	1
17809 2 1	1
17822 1 2	1
17824 2 3	1
17834 3 2	1
1784 1 2	1
17852 1 3	1
17857 1 2	1
17860 2 3	1
17868 2 3	1
17871 2 3	1
17878 1 2	1
17880 3 2	1
17885 1 2	1
17886 1 3	1
17895 1 3	1
17903 2 3	1
17906 2 3	1
1791 1 2	1
17913 1 3	1
1792 1 2	1
1794 2 3	1
17947 3 2	1
17948 2 3	1
17958 1 2	1
17971 3 1	1
17986 3 2	1
17992 1 2	1
17997 1 3	1
17999 2 3	1
180 1 3	1
18002 1 3	1
18014 2 3	1
1803 1 2	1
18041 1 3	1
18042 1 3	1
18050 2 3	1
1806 1 2	1
18068 1 3	1
18091 3 1	1
18094 2 3	1
18097 3 1	1
18102 1 2	1
18103 2 3	1
18107 2 3	1
18117 2 3	1
1812 1 3	1
18125 2 3	1
18129 2 3	1
18136 2 3	1
18138 3 1	1
18144 1 3	1
1815 2 3	1
18169 2 3	1
18171 1 3	1
18173 2 3	1
18179 2 1	1
18187 1 2	1
18191 2 3	1
18193 2 3	1
18200 2 3	1
18204 2 3	1
18206 1 3	1
18216 1 3	1
1822 1 2	1
18222 1 3	1
18233 1 2	1
18245 2 3	1
18268 1 3	1
18279 1 3	1
18283 1 2	1
18287 1 3	1
18293 1 2	1
18294 3 2	1
18312 2 3	1
18321 2 1	1
18326 1 2	1
18338 2 3	1
18346 2 3	1
18347 1 3	1
18351 1 3	1
18373 1 2	1
18375 3 1	1
184 1 3	1
18402 2 3	1
18406 1 2	1
18407 2 1	1
18416 1 3	1
18417 1 2	1
18421 1 3	1
18435 1 2	1
18459 2 3	1
18472 1 2	1
1848 1 3	1
18483 2 3	1
185 3 1	1
1850 1 3	1
18508 3 1	1
18515 1 2	1
18516 1 3	1
18529 1 3	1
1853 3 1	1
18548 2 3	1
18566 1 3	1
18568 1 2	1
18570 3 2	1
18571 1 2	1
18595 1 2	1
18600 1 2	1
18604 1 3	1
18608 2 3	1
18609 1 2	1
18610 1 3	1
18613 3 1	1
18615 2 3	1
18625 3 1	1
18627 2 3	1
18639 1 3	1
18640 3 1	1
18641 1 2	1
18642 1 3	1
1865 2 3	1
18657 1 3	1
18658 2 3	1
18677 1 2	1
18680 1 2	1
18690 1 3	1
187 2 3	1
18707 2 3	1
1871 2 3	1
18713 2 1	1
18715 2 3	1
18720 1 2	1
18726 2 3	1
18731 1 2	1
18757 1 2	1
18782 1 3	1
18790 1 3	1
18802 1 3	1
18812 1 2	1
18814 3 2	1
18821 2 3	1
1883 2 3	1
1884 2 1	1
18854 3 2	1
18898 1 3	1
1890 1 2	1
18901 1 3	1
18909 3 2	1
18929 3 1	1
18944 2 3	1
18948 1 3	1
18951 1 3	1
18954 1 3	1
18956 1 3	1
18981 2 3	1
1899 3 1	1
19003 1 2	1
19004 1 3	1
19005 1 2	1
19016 2 3	1
19018 2 3	1
19027 1 3	1
19034 2 3	1
19038 3 1	1
19048 1 3	1
19050 1 3	1
19052 2 3	1
19069 1 2	1
19072 2 3	1
19076 2 1	1
19092 1 3	1
19094 2 3	1
19108 2 3	1
1911 2 3	1
19113 2 3	1
19123 2 3	1
19124 1 2	1
19128 3 2	1
19141 1 2	1
19145 2 3	1
19162 2 3	1
19164 2 3	1
19178 1 2	1
19188 1 3	1
19190 1 2	1
19199 3 1	1
19200 1 3	1
1921 3 2	1
19222 2 3	1
19237 2 3	1
19241 3 2	1
19255 3 2	1
19257 2 3	1
19259 2 1	1
1926 2 3	1
19263 3 1	1
19271 1 3	1
19283 2 3	1
19286 2 3	1
19292 1 2	1
19294 1 3	1
1930 2 1	1
19314 1 3	1
19331 1 2	1
19332 2 3	1
19339 1 2	1
19383 2 3	1
19384 2 3	1
19386 1 2	1
19388 1 3	1
19395 2 3	1
19400 1 3	1
19405 2 3	1
19407 2 1	1
19408 1 2	1
19420 1 3	1
19422 2 3	1
19429 2 3	1
19435 1 2	1
19439 2 3	1
19446 1 3	1
19449 2 3	1
19454 2 3	1
19467 2 3	1
19475 2 3	1
19478 1 2	1
19485 2 1	1
19489 1 2	1
19513 2 3	1
19516 1 2	1
19535 2 3	1
19538 1 3	1
19539 2 3	1
19544 2 3	1
19573 2 3	1
1958 1 3	1
19581 2 3	1
19604 1 2	1
19605 3 1	1
19623 1 2	1
19649 1 3	1
1965 2 3	1
19688 1 2	1
19704 1 2	1
19714 2 3	1
1972 1 3	1
19724 1 3	1
19748 2 3	1
19751 2 3	1
19754 1 3	1
19764 2 3	1
19769 2 3	1
19777 1 3	1
19782 2 3	1
19788 3 2	1
19792 1 2	1
19811 2 3	1
19812 2 3	1
19830 2 3	1
19832 2 3	1
19834 3 1	1
19849 1 2	1
19858 1 3	1
19862 1 2	1
19873 1 2	1
19881 2 1	1
19884 1 3	1
19893 1 2	1
19917 3 2	1
19920 1 2	1
19928 1 3	1
19933 3 1	1
19940 1 2	1
19947 2 3	1
19952 1 2	1
19988 3 2	1
19994 2 3	1
19996 2 3	1
2001 1 2	1
20013 2 3	1
20018 1 2	1
20021 3 2	1
20033 1 2	1
20037 3 1	1
20045 1 2	1
20052 1 2	1
20076 3 2	1
20079 1 2	1
2008 3 2	1
20080 2 3	1
20084 3 2	1
20092 2 3	1
20094 1 2	1
2010 2 3	1
20106 1 3	1
20107 3 2	1
20110 1 3	1
20118 3 1	1
20120 1 3	1
20121 1 2	1
20131 2 3	1
20132 1 3	1
20140 2 3	1
20149 2 3	1
20155 2 3	1
20160 1 3	1
20172 2 3	1
2018 1 3	1
20199 1 2	1
2020 3 2	1
20203 2 3	1
20212 1 2	1
20213 2 1	1
20224 2 3	1
20234 3 1	1
20237 1 2	1
20242 1 2	1
20246 2 3	1
20248 3 2	1
20250 2 3	1
20266 1 2	1
20270 1 3	1
20281 1 3	1
20293 1 3	1
20301 2 3	1
20305 2 3	1
20308 2 3	1
20316 1 2	1
20318 1 2	1
20324 3 2	1
20329 2 1	1
20330 2 3	1
20336 1 2	1
2034 1 2	1
20344 2 3	1
20347 1 3	1
20349 1 2	1
20360 2 3	1
20368 3 1	1
20371 1 3	1
20373 1 2	1
20379 1 3	1
20385 3 1	1
20386 1 3	1
20388 3 1	1
20410 1 2	1
20424 2 3	1
20426 3 2	1
20428 2 3	1
20433 3 2	1
2044 1 3	1
20444 1 3	1
20451 1 3	1
20458 1 3	1
20459 2 3	1
20460 3 2	1
20468 1 2	1
20477 1 3	1
20486 1 2	1
2049 2 3	1
20512 3 2	1
20519 2 1	1
20543 1 3	1
20549 3 2	1
20569 2 3	1
20574 1 2	1
20586 2 3	1
20597 3 2	1
2060 2 3	1
20608 1 2	1
20611 2 3	1
20613 1 3	1
20630 2 3	1
20632 2 1	1
20637 2 3	1
20639 1 2	1
2064 2 1	1
20650 2 3	1
20652 2 3	1
2066 1 2	1
20669 2 3	1
20674 1 3	1
20678 1 2	1
20679 1 3	1
20681 3 1	1
20689 3 1	1
20691 1 2	1
20697 1 3	1
20702 1 2	1
20708 1 2	1
20709 2 3	1
20713 1 2	1
20719 2 1	1
20735 1 3	1
20744 1 3	1
20746 1 3	1
20747 1 2	1
20750 1 3	1
20775 1 3	1
20781 2 3	1
20785 1 3	1
2079 1 2	1
20790 3 1	1
20798 3 2	1
208 2 3	1
20817 1 3	1
20818 2 3	1
20821 2 3	1
20824 2 3	1
20827 1 2	1
20828 3 2	1
20838 1 3	1
20842 1 3	1
20844 1 3	1
20845 2 1	1
20847 1 2	1
2088 2 3	1
20885 3 1	1
20912 2 3	1
20925 1 3	1
20929 2 3	1
20940 1 3	1
20946 1 3	1
20969 1 2	1
20980 2 3	1
20982 2 3	1
20987 2 1	1
2099 2 1	1
20994 1 2	1
20999 1 3	1
21 2 1	1
21011 1 2	1
21013 3 1	1
21025 1 3	1
21030 3 1	1
21031 1 3	1
21045 1 3	1
21071 3 1	1
21076 3 1	1
21084 2 3	1
21086 1 3	1
21095 1 2	1
21108 2 3	1
21113 1 2	1
21115 1 2	1
21118 1 2	1
2112 1 2	1
21134 1 2	1
21138 1 3	1
21140 2 3	1
2115 2 3	1
21160 3 1	1
21163 1 2	1
21166 2 1	1
21168 2 3	1
21169 2 3	1
21175 1 2	1
21177 3 2	1
21187 1 3	1
21193 2 3	1
21205 1 2	1
21207 3 2	1
21210 2 3	1
21215 2 3	1
21226 1 3	1
21230 2 3	1
21237 1 3	1
21243 1 3	1
2125 2 3	1
2127 1 2	1
21270 1 2	1
21274 1 3	1
21275 2 3	1
21279 1 2	1
21282 2 1	1
21285 2 3	1
21296 3 2	1
21300 2 3	1
21307 1 3	1
21312 2 3	1
21320 3 2	1
21329 1 2	1
21356 2 3	1
21372 2 3	1
21385 2 1	1
21406 1 3	1
21408 2 3	1
21416 1 3	1
21417 2 3	1
21427 1 3	1
21428 2 3	1
21432 1 2	1
21433 2 1	1
21437 1 3	1
21438 2 1	1
21449 2 3	1
21457 1 3	1
21460 1 3	1
21477 1 3	1
21482 1 3	1
21519 2 3	1
21529 1 2	1
2153 1 2	1
21534 1 3	1
21551 1 3	1
21553 1 2	1
21557 2 3	1
21565 2 1	1
21581 1 3	1
21593 1 3	1
21594 2 3	1
21595 3 1	1
2160 2 1	1
21607 2 3	1
21608 2 3	1
21618 1 3	1
2162 1 3	1
21625 1 3	1
21639 3 1	1
21645 2 3	1
2166 1 2	1
21681 2 3	1
21686 2 1	1
21688 3 2	1
21691 3 1	1
21698 3 2	1
217 1 3	1
21700 1 3	1
21707 1 2	1
21733 1 3	1
2174 1 3	1
21743 2 3	1
21745 1 2	1
21760 2 1	1
21762 2 3	1
21763 2 3	1
21764 3 2	1
21767 1 2	1
2178 1 3	1
21789 1 3	1
21802 3 1	1
21803 1 3	1
21807 2 3	1
21809 1 3	1
21819 3 2	1
21845 2 3	1
21848 2 3	1
2185 2 3	1
21850 1 3	1
2186 2 3	1
21865 3 2	1
2187 1 3	1
21878 1 2	1
21886 1 3	1
21894 3 2	1
219 1 2	1
21900 1 3	1
21908 2 3	1
21909 2 1	1
21911 2 3	1
21918 3 1	1
2192 1 3	1
21931 2 3	1
21935 1 3	1
21939 2 3	1
21958 2 3	1
21968 3 1	1
21976 1 3	1
21985 2 3	1
21990 1 2	1
21994 2 3	1
220 2 3	1
22000 1 3	1
22002 1 2	1
22003 2 1	1
22006 1 3	1
22021 2 3	1
22033 3 2	1
22035 1 2	1
22052 1 2	1
22060 1 3	1
2208 1 3	1
22093 3 1	1
22094 2 3	1
22095 1 2	1
22107 1 2	1
22123 2 1	1
22126 2 3	1
22142 1 2	1
22166 2 1	1
22173 2 1	1
22175 1 2	1
22196 2 3	1
22209 1 2	1
2221 3 2	1
22214 2 1	1
22215 1 2	1
22223 2 3	1
22229 2 3	1
22237 1 3	1
2224 3 1	1
22241 2 3	1
22242 1 3	1
22269 2 3	1
2230 1 2	1
22307 2 3	1
22308 3 2	1
22310 2 3	1
22311 2 3	1
22315 2 1	1
22333 1 3	1
22344 2 3	1
22347 2 3	1
22349 2 3	1
22358 2 3	1
22370 1 3	1
22381 2 3	1
2239 1 2	1
22409 3 2	1
2241 2 3	1
22416 1 3	1
22417 1 2	1
22426 1 2	1
22429 1 3	1
22431 1 3	1
22437 1 2	1
22442 3 1	1
22443 1 3	1
22452 3 2	1
22457 2 3	1
22465 1 3	1
2248 1 2	1
22480 1 3	1
22482 2 3	1
22498 3 2	1
225 1 3	1
22500 1 3	1
22503 1 2	1
22506 1 2	1
2253 2 3	1
22533 2 3	1
22544 1 3	1
22546 2 3	1
22548 1 3	1
2255 1 3	1
22562 3 1	1
22574 2 3	1
2258 2 3	1
22588 1 2	1
22589 1 2	1
22590 1 3	1
226 1 3	1
22605 2 1	1
22618 1 3	1
22624 3 1	1
2263 1 2	1
22647 1 3	1
22649 2 3	1
22656 2 3	1
2266 3 2	1
22691 2 3	1
22695 1 2	1
2270 2 3	1
22716 3 1	1
22729 1 3	1
22730 2 3	1
22731 1 2	1
2274 1 3	1
22745 3 2	1
22753 3 2	1
22762 2 3	1
22773 1 3	1
22783 1 2	1
22784 1 3	1
22788 1 3	1
22790 1 3	1
22791 1 3	1
22801 2 1	1
22802 1 3	1
22810 1 2	1
22823 2 3	1
22832 2 3	1
22833 2 1	1
22836 1 3	1
22837 1 3	1
2284 3 1	1
22842 1 3	1
22847 3 2	1
22854 2 3	1
2286 1 2	1
22864 3 2	1
22888 1 2	1
22889 2 3	1
22894 2 3	1
2290 2 3	1
22906 1 2	1
22910 3 1	1
22911 1 3	1
2295 1 3	1
22971 1 2	1
22977 1 2	1
22980 2 3	1
22986 2 3	1
22991 1 3	1
23 1 3	1
23012 1 2	1
23022 1 2	1
23027 2 1	1
23034 3 2	1
23039 2 1	1
23050 1 2	1
23052 1 2	1
23081 1 3	1
23082 1 2	1
23085 1 3	1
23087 1 2	1
23093 1 3	1
23094 1 2	1
23095 3 1	1
23098 2 3	1
23104 2 3	1
23115 1 3	1
23128 3 2	1
23132 1 3	1
23137 2 3	1
23139 2 3	1
23143 1 3	1
23144 3 2	1
23150 1 3	1
23151 1 2	1
23162 1 3	1
23170 3 1	1
23184 1 2	1
23191 2 3	1
23193 1 3	1
23203 1 3	1
23216 1 2	1
23223 1 3	1
23227 2 3	1
23242 1 3	1
2325 3 2	1
23251 1 2	1
23255 2 3	1
23259 2 3	1
23262 1 2	1
23265 1 3	1
23267 2 3	1
23298 1 2	1
23310 1 3	1
23312 1 2	1
23313 3 1	1
23314 1 3	1
23320 3 1	1
23322 1 3	1
23327 1 3	1
23339 1 2	1
23350 1 3	1
23355 3 1	1
23361 2 3	1
23379 1 3	1
23389 2 3	1
23391 1 3	1
23395 2 3	1
23406 1 2	1
23419 3 1	1
2342 3 2	1
23420 1 3	1
23425 1 3	1
23436 1 3	1
23447 3 1	1
2345 2 3	1
23459 2 3	1
23473 2 3	1
23475 2 3	1
23489 1 3	1
2349 2 3	1
23503 2 3	1
23515 3 2	1
23522 2 3	1
23523 1 3	1
23528 2 3	1
23530 2 1	1
23533 1 3	1
23534 1 2	1
23549 3 1	1
23552 2 3	1
23554 2 3	1
23557 3 2	1
23558 2 3	1
2356 3 2	1
23571 1 3	1
2358 2 3	1
23586 3 1	1
23589 1 2	1
23590 1 3	1
23606 3 1	1
23607 1 3	1
23609 3 2	1
23633 2 3	1
23636 2 3	1
23637 2 3	1
23653 2 3	1
23656 1 3	1
23662 2 3	1
23670 2 3	1
23673 1 2	1
23674 1 2	1
23676 3 1	1
23677 3 1	1
2368 1 2	1
23703 2 3	1
23716 2 3	1
23730 2 1	1
23731 2 3	1
23733 3 2	1
23740 2 3	1
23744 3 1	1
23749 2 3	1
2375 1 3	1
23750 2 3	1
23758 1 3	1
23763 1 2	1
23780 2 3	1
23788 1 3	1
23797 2 3	1
238 1 2	1
2380 2 3	1
23808 2 1	1
23816 3 2	1
23819 1 3	1
23827 1 3	1
23843 1 2	1
23844 3 1	1
23856 3 2	1
23858 1 3	1
2386 1 2	1
23868 1 3	1
23881 1 2	1
23886 1 2	1
2389 2 3	1
23892 1 2	1
23900 1 2	1
23905 1 3	1
23909 1 2	1
23919 2 3	1
23924 2 3	1
23941 2 3	1
23960 2 3	1
23966 1 2	1
23972 2 1	1
23973 3 2	1
23982 2 3	1
23990 1 3	1
240 2 1	1
24000 1 3	1
24002 2 3	1
24006 2 3	1
24007 1 2	1
24008 2 3	1
24029 3 2	1
24033 1 2	1
24058 1 3	1
2406 1 2	1
24065 2 3	1
24076 1 3	1
24077 1 3	1
24078 2 1	1
24079 2 3	1
24089 2 3	1
24091 2 3	1
24095 2 3	1
241 1 2	1
2410 1 3	1
24114 2 3	1
24116 2 3	1
24121 2 1	1
24123 2 3	1
24132 1 2	1
2417 1 3	1
24181 1 2	1
24186 2 1	1
24189 1 3	1
24198 1 3	1
24201 3 2	1
24206 3 2	1
24212 3 1	1
24213 1 3	1
24225 1 3	1
2423 2 1	1
24235 1 3	1
24237 1 3	1
2424 1 2	1
2425 3 2	1
24275 2 3	1
24278 2 3	1
24293 2 3	1
24296 3 2	1
24298 2 3	1
24302 1 3	1
24316 1 3	1
24335 1 3	1
24343 2 1	1
24345 2 3	1
24364 2 3	1
24370 2 3	1
24378 2 3	1
24381 2 3	1
24393 1 2	1
24395 2 3	1
24401 1 3	1
24403 1 3	1
24406 1 2	1
24426 3 2	1
24437 3 2	1
24444 2 3	1
24445 1 3	1
24446 3 1	1
24450 1 2	1
24456 1 3	1
2446 1 3	1
24460 1 3	1
24464 1 3	1
24466 3 1	1
24473 1 3	1
24483 2 3	1
24499 1 3	1
24507 1 2	1
24512 2 3	1
24516 1 3	1
2452 3 1	1
24547 2 3	1
24558 1 3	1
2458 2 3	1
24591 2 3	1
24595 1 3	1
24606 3 1	1
24608 1 2	1
24618 1 2	1
24636 3 1	1
2464 2 3	1
24643 1 3	1
24656 1 2	1
24659 1 3	1
24664 3 2	1
24676 1 3	1
24685 1 2	1
24696 1 2	1
24703 3 1	1
24709 3 1	1
24717 1 3	1
24720 2 3	1
24740 1 3	1
24741 1 2	1
24767 2 3	1
24782 1 3	1
24783 1 2	1
2479 3 2	1
24797 2 1	1
248 2 3	1
24801 1 2	1
24805 2 3	1
24807 1 3	1
24809 2 3	1
24824 1 3	1
24830 1 3	1
24831 2 3	1
24838 1 3	1
24840 2 3	1
24864 1 2	1
24871 3 2	1
24876 3 2	1
24879 1 3	1
24882 1 3	1
24892 2 3	1
24896 1 3	1
24900 2 3	1
24905 1 2	1
24908 2 3	1
24921 1 3	1
24928 1 3	1
24929 1 3	1
2493 1 2	1
24931 3 1	1
24943 1 3	1
2495 1 3	1
24955 2 1	1
24964 1 3	1
24965 3 1	1
24969 3 1	1
24981 1 2	1
24992 1 3	1
24998 1 3	1
25004 1 2	1
25009 3 2	1
2501 3 1	1
25016 2 3	1
25021 2 3	1
25029 2 3	1
25039 1 2	1
25048 2 3	1
25053 2 1	1
25056 2 3	1
25063 2 3	1
25072 1 3	1
25083 2 1	1
25104 2 3	1
25115 1 3	1
25131 1 3	1
25133 1 3	1
25140 3 1	1
25147 1 3	1
25152 1 3	1
25159 3 1	1
25170 1 3	1
2518 2 3	1
25193 1 3	1
25194 1 3	1
25195 2 3	1
2520 1 3	1
25201 1 3	1
25203 1 3	1
25211 2 3	1
25217 1 3	1
25228 2 1	1
25241 3 1	1
25254 3 1	1
25255 2 3	1
25266 2 3	1
25267 2 3	1
2528 1 3	1
25282 3 1	1
25288 2 3	1
25293 2 1	1
25304 1 3	1
25306 1 3	1
2532 1 3	1
25324 1 3	1
25326 1 3	1
25331 2 3	1
25354 1 2	1
25355 1 3	1
25361 2 3	1
25366 2 1	1
25372 1 3	1
25376 1 2	1
25378 1 2	1
25380 1 2	1
25382 2 3	1
25393 1 2	1
25410 3 1	1
25440 1 2	1
25448 1 3	1
2545 2 3	1
25450 2 3	1
25452 2 1	1
25458 1 2	1
25463 2 3	1
25467 1 2	1
25488 1 3	1
25490 1 2	1
25492 1 3	1
25496 2 3	1
25497 2 3	1
25499 2 3	1
25508 1 3	1
25511 2 3	1
2552 1 3	1
25522 1 2	1
25525 1 2	1
25531 2 1	1
25547 1 2	1
25556 3 1	1
2556 1 3	1
25573 3 1	1
25574 2 3	1
25586 1 3	1
25590 1 3	1
25595 1 2	1
25601 1 3	1
25625 1 3	1
2563 2 3	1
25632 2 3	1
25642 1 2	1
25643 3 2	1
25647 1 3	1
25666 1 3	1
25670 2 3	1
25672 1 3	1
25674 2 3	1
25679 2 3	1
25683 2 3	1
25686 3 1	1
25688 2 3	1
2569 1 3	1
25696 3 2	1
25713 2 3	1
25717 2 3	1
25729 2 3	1
2573 2 3	1
25730 2 3	1
25738 1 2	1
25768 3 1	1
25777 1 2	1
25779 1 3	1
25782 1 2	1
25785 2 3	1
25791 1 3	1
25801 2 3	1
25808 1 3	1
2581 2 3	1
25811 1 2	1
25814 1 2	1
25825 1 3	1
25832 2 1	1
25834 1 2	1
25845 3 2	1
25861 1 3	1
25866 2 3	1
25870 1 3	1
25879 2 3	1
25880 1 3	1
25900 2 3	1
25901 1 3	1
25907 1 3	1
25910 1 3	1
25919 2 1	1
25923 1 2	1
25926 1 3	1
25927 1 2	1
25929 1 2	1
2593 3 2	1
25953 3 2	1
25954 1 2	1
25983 2 3	1
25996 2 1	1
26003 2 3	1
26006 3 1	1
26022 2 3	1
26025 3 2	1
26027 1 2	1
26031 1 3	1
26034 2 3	1
26036 2 3	1
26046 2 1	1
26047 1 2	1
26049 2 3	1
26053 3 1	1
26063 3 2	1
26070 2 3	1
26074 1 3	1
26086 1 3	1
26092 1 3	1
26095 1 2	1
26096 3 2	1
26098 3 2	1
26112 1 2	1
26113 2 3	1
26120 1 2	1
26122 1 3	1
26131 1 3	1
26132 2 3	1
26133 2 3	1
26147 2 3	1
26149 3 1	1
26156 1 3	1
26179 3 1	1
2618 2 3	1
26197 1 3	1
262 2 3	1
26202 1 2	1
26211 1 3	1
26216 1 2	1
26231 1 2	1
26234 1 2	1
26237 3 1	1
26243 1 3	1
26246 2 3	1
26247 2 3	1
26250 1 3	1
26251 1 2	1
26257 1 3	1
26267 1 2	1
26270 1 3	1
26297 1 2	1
26319 1 2	1
26323 2 1	1
26336 2 3	1
26339 2 1	1
26350 2 3	1
26362 3 2	1
26363 2 3	1
26380 1 3	1
26389 2 3	1
2639 2 3	1
26397 1 3	1
26402 2 3	1
26405 2 3	1
26413 1 3	1
26421 3 2	1
26432 1 2	1
2644 2 3	1
26441 2 1	1
26455 1 2	1
26457 1 2	1
26460 1 3	1
26472 3 1	1
26475 1 2	1
26478 2 3	1
26479 3 2	1
26497 2 3	1
26499 2 3	1
265 1 3	1
26505 1 2	1
26508 3 1	1
26517 3 2	1
26545 1 3	1
2655 1 2	1
2656 1 3	1
26563 3 2	1
26566 1 2	1
26568 1 2	1
2657 3 1	1
26579 1 2	1
26584 2 3	1
26588 2 3	1
26593 1 3	1
26594 1 2	1
26598 2 3	1
266 1 3	1
26603 1 3	1
26619 1 3	1
26621 1 2	1
26623 2 3	1
26627 1 3	1
26630 1 3	1
26642 3 2	1
26648 1 3	1
26655 1 3	1
26661 1 2	1
2667 1 3	1
26690 1 3	1
26696 1 2	1
26701 2 3	1
26706 1 3	1
26714 1 2	1
26715 2 3	1
2672 1 3	1
26725 3 2	1
26728 1 2	1
26729 3 1	1
26758 1 2	1
2676 2 3	1
26775 1 2	1
2681 2 3	1
26814 1 2	1
26816 3 2	1
2682 3 1	1
26829 1 3	1
26838 1 2	1
2684 1 3	1
26843 1 3	1
26850 1 2	1
26855 2 3	1
26861 2 3	1
26863 3 2	1
26884 1 3	1
26919 2 1	1
26929 1 3	1
26930 1 2	1
26938 2 3	1
26940 2 3	1
26952 2 3	1
26958 3 1	1
26965 1 3	1
26980 3 2	1
26989 1 3	1
26997 3 2	1
27002 1 3	1
2701 2 3	1
27017 1 2	1
27029 3 1	1
27037 1 2	1
27043 1 3	1
2705 2 3	1
27053 2 3	1
27059 2 3	1
27069 1 3	1
27072 2 1	1
27079 1 2	1
271 3 1	1
27120 2 3	1
27129 2 1	1
27144 1 3	1
27168 1 3	1
27170 2 3	1
27178 2 3	1
27179 1 3	1
27191 2 3	1
27192 2 1	1
27193 2 3	1
27198 1 2	1
27202 3 1	1
27204 1 2	1
27215 1 3	1
27216 2 3	1
27224 3 1	1
27228 3 1	1
27271 1 3	1
2728 2 3	1
2729 2 3	1
27295 1 2	1
27300 1 2	1
27309 2 1	1
27311 1 3	1
27335 2 3	1
27336 1 2	1
27344 1 3	1
27359 2 3	1
27374 1 3	1
27375 2 3	1
27381 2 3	1
27399 2 1	1
274 1 2	1
27403 1 3	1
27423 1 2	1
27426 1 3	1
27428 1 3	1
27440 3 1	1
27441 3 1	1
27443 1 2	1
27461 1 3	1
27468 2 3	1
27475 1 3	1
27478 2 3	1
27482 2 1	1
2749 1 2	1
27497 1 3	1
27510 2 3	1
27512 1 2	1
27528 1 3	1
27530 2 3	1
27531 1 2	1
27538 1 3	1
27539 2 1	1
27540 1 3	1
27541 1 3	1
27548 2 3	1
27549 1 3	1
27557 2 3	1
27561 2 3	1
2757 2 3	1
27584 1 3	1
27594 1 3	1
27597 2 3	1
27624 1 3	1
27634 2 1	1
2764 3 1	1
27641 2 3	1
27644 2 3	1
27655 2 3	1
27657 2 3	1
27659 1 2	1
27677 3 2	1
27683 2 3	1
27686 1 3	1
277 2 1	1
27705 3 1	1
2771 2 3	1
27725 2 3	1
2773 1 2	1
27753 1 3	1
27763 1 3	1
27770 1 2	1
27771 1 2	1
27776 1 3	1
27783 1 3	1
27785 1 2	1
278 3 2	1
27800 1 2	1
27801 2 3	1
27809 3 2	1
27816 2 3	1
27819 3 2	1
2782 2 3	1
27820 2 3	1
27826 1 3	1
27828 1 3	1
2784 1 3	1
27848 2 3	1
27864 1 2	1
27865 2 3	1
27889 1 3	1
27896 2 3	1
27909 2 1	1
27911 2 3	1
27959 1 3	1
27977 2 3	1
27983 1 3	1
27984 2 3	1
27991 2 3	1
27993 2 3	1
27996 1 3	1
28003 1 3	1
28025 1 2	1
28027 1 2	1
28028 2 3	1
28030 1 3	1
28031 1 2	1
28035 2 3	1
28046 1 3	1
28047 1 3	1
28048 2 3	1
2805 2 3	1
28056 1 3	1
28057 3 1	1
28061 2 3	1
28079 2 1	1
28100 2 3	1
2811 1 3	1
28110 1 3	1
28119 3 2	1
28123 3 2	1
28138 1 3	1
28143 1 3	1
28165 1 3	1
28166 3 1	1
28180 1 2	1
28204 1 3	1
2821 2 3	1
28215 1 2	1
28218 3 1	1
28221 1 2	1
28225 1 2	1
28227 2 1	1
28231 1 2	1
28236 2 3	1
28239 1 3	1
28249 2 1	1
28259 1 2	1
28266 2 3	1
28271 2 3	1
28277 1 2	1
28293 3 1	1
28295 1 3	1
28298 3 2	1
28302 2 3	1
28310 1 3	1
2832 2 3	1
28321 1 3	1
28325 2 3	1
28334 2 3	1
28335 3 1	1
28336 1 2	1
28348 1 2	1
28356 1 2	1
28363 2 3	1
28364 2 3	1
28374 1 3	1
28381 3 1	1
28385 1 3	1
28388 2 3	1
28391 2 3	1
28397 3 1	1
2842 1 3	1
28431 1 2	1
28436 3 2	1
28438 1 3	1
2844 2 3	1
28444 3 2	1
28448 1 2	1
28459 1 2	1
2847 2 3	1
28473 3 2	1
28474 1 3	1
28476 3 1	1
28482 3 1	1
2849 1 3	1
28502 1 2	1
28510 2 3	1
28515 3 1	1
28517 2 3	1
28524 1 3	1
28529 2 3	1
28542 1 3	1
28544 1 3	1
28549 3 1	1
28550 2 3	1
28556 2 3	1
28557 3 1	1
28560 1 2	1
28561 3 2	1
2857 2 3	1
28589 2 3	1
2859 2 3	1
28592 3 2	1
28595 1 3	1
286 1 2	1
28604 2 3	1
28613 3 1	1
28617 2 3	1
28619 2 3	1
28627 1 3	1
2863 1 2	1
28639 1 2	1
28646 3 2	1
28648 1 3	1
28655 1 3	1
28659 1 2	1
28662 2 3	1
28683 2 3	1
28696 2 3	1
28698 2 1	1
28706 1 2	1
2871 1 3	1
28729 2 3	1
2874 1 3	1
28740 2 3	1
28741 3 1	1
28749 1 3	1
28751 2 3	1
2876 1 2	1
28765 3 1	1
28794 1 3	1
2880 1 3	1
28823 1 3	1
28826 3 2	1
28835 1 3	1
28847 1 3	1
28849 1 3	1
28852 1 3	1
28853 2 1	1
28870 2 3	1
2889 1 2	1
28921 1 3	1
28934 2 1	1
28935 1 2	1
28945 1 2	1
28952 1 2	1
28967 2 3	1
28977 1 3	1
28980 2 3	1
28983 1 2	1
28988 3 2	1
28996 2 3	1
28999 1 3	1
29000 1 3	1
29008 3 1	1
29011 3 2	1
29017 3 2	1
29018 1 3	1
29021 1 2	1
29028 3 2	1
29047 1 3	1
2905 1 2	1
29051 1 3	1
29063 1 2	1
29092 1 3	1
29099 2 3	1
29102 1 2	1
29110 3 2	1
2912 1 3	1
29123 2 3	1
29151 1 3	1
29158 1 3	1
29168 2 3	1
29181 2 3	1
29184 3 2	1
29187 3 2	1
29201 1 3	1
29210 1 3	1
29224 1 2	1
29233 2 3	1
29244 2 3	1
29248 1 2	1
29253 1 2	1
29256 2 1	1
29259 1 3	1
29269 3 1	1
2927 3 2	1
29286 1 2	1
29287 2 1	1
29291 1 3	1
2932 1 3	1
29345 1 3	1
29347 2 3	1
29350 3 2	1
29364 1 3	1
2939 2 3	1
29398 1 2	1
29426 1 2	1
29446 2 3	1
2945 1 3	1
29450 3 2	1
29455 1 3	1
29471 1 2	1
29472 3 2	1
2948 1 3	1
29490 1 2	1
29491 1 3	1
29499 2 3	1
29504 1 3	1
29507 2 3	1
2953 3 2	1
29548 2 3	1
29571 1 3	1
29572 1 3	1
29573 1 3	1
29586 3 1	1
29591 1 3	1
29593 1 3	1
29595 1 2	1
29607 1 3	1
29608 2 3	1
29622 1 3	1
29627 1 3	1
29628 2 3	1
29635 2 3	1
29636 2 1	1
29646 1 2	1
29652 1 3	1
29654 3 1	1
29655 3 2	1
29661 1 3	1
29669 3 1	1
2967 1 2	1
2970 3 1	1
29702 2 3	1
29703 1 3	1
29704 1 2	1
29705 3 2	1
29706 3 2	1
29711 2 3	1
29718 1 3	1
29722 1 3	1
29732 1 3	1
29735 2 3	1
29738 3 2	1
29752 1 3	1
29755 3 2	1
29767 2 3	1
29772 1 2	1
29781 2 3	1
29790 1 3	1
29801 1 3	1
29807 1 3	1
2982 1 3	1
29825 3 2	1
2984 2 3	1
29846 1 2	1
29855 2 3	1
29868 3 2	1
2987 2 3	1
29876 3 1	1
29877 3 2	1
29883 2 3	1
29909 1 3	1
29916 2 3	1
29917 1 2	1
29923 1 2	1
29924 1 3	1
29929 1 3	1
29931 1 2	1
29937 3 1	1
2994 1 2	1
2995 1 3	1
29950 1 2	1
29952 2 3	1
29961 2 1	1
29969 3 1	1
29973 2 3	1
29983 2 3	1
29990 1 2	1
30003 3 2	1
30016 3 1	1
30027 1 3	1
30036 1 3	1
30038 2 3	1
30057 1 3	1
30071 2 3	1
30084 2 3	1
3009 1 3	1
30096 2 1	1
30108 1 2	1
30113 2 3	1
30124 2 3	1
30125 2 3	1
30126 1 2	1
30127 1 3	1
30128 2 3	1
30130 2 3	1
30133 2 3	1
30136 1 2	1
30141 2 3	1
30145 1 2	1
30154 2 3	1
30189 1 3	1
30191 1 3	1
30195 1 2	1
30203 2 3	1
30215 2 3	1
30223 1 3	1
30233 3 1	1
30234 1 3	1
30235 1 3	1
30257 1 3	1
30259 1 2	1
30260 1 2	1
30266 2 3	1
30267 1 3	1
30274 1 3	1
30277 2 3	1
30283 1 2	1
30294 1 2	1
30307 1 2	1
30353 1 2	1
30375 1 2	1
30379 1 3	1
30381 2 3	1
30393 2 3	1
30397 2 3	1
30409 2 3	1
30415 2 3	1
3042 1 3	1
30422 1 3	1
30427 1 3	1
30433 1 3	1
30447 3 1	1
30455 1 3	1
30463 3 2	1
30475 2 3	1
30477 1 2	1
30479 1 3	1
30492 1 2	1
30495 1 3	1
30506 2 3	1
30520 1 2	1
30522 1 2	1
30533 2 3	1
3054 2 3	1
30556 1 2	1
30566 2 3	1
30571 1 3	1
30579 3 1	1
30581 1 3	1
30597 1 3	1
30606 2 1	1
30616 1 3	1
30645 1 3	1
3065 3 2	1
30656 2 1	1
3066 1 2	1
30660 1 3	1
30663 2 3	1
30664 2 3	1
3067 2 3	1
30670 2 1	1
30674 1 3	1
30683 1 3	1
30716 1 3	1
3072 1 3	1
30723 1 3	1
30734 1 2	1
30737 1 3	1
30749 2 3	1
30751 2 3	1
30756 3 1	1
30757 1 3	1
30760 2 1	1
30796 1 3	1
30799 3 1	1
30806 2 3	1
30807 2 3	1
30815 1 3	1
30829 2 3	1
30833 1 3	1
30843 1 3	1
30851 2 3	1
30865 3 2	1
3087 3 2	1
30870 3 2	1
3089 1 3	1
30891 2 3	1
309 1 2	1
30900 3 1	1
30908 1 2	1
30910 3 1	1
30918 1 3	1
30920 2 3	1
30924 2 3	1
30928 2 3	1
30930 1 3	1
30932 1 3	1
30950 2 1	1
30956 1 2	1
30970 2 3	1
30980 2 3	1
30986 1 3	1
30987 2 3	1
30989 2 3	1
30999 2 3	1
31 1 3	1
31004 1 3	1
31005 1 3	1
31010 1 3	1
31013 2 3	1
31043 2 3	1
31045 3 2	1
31046 1 3	1
31051 3 2	1
31071 2 3	1
31074 1 2	1
31093 2 3	1
31096 3 2	1
31097 1 2	1
3110 1 2	1
31105 1 2	1
3111 1 3	1
31115 1 3	1
31117 1 3	1
31124 2 3	1
31125 3 2	1
3113 1 2	1
31130 2 3	1
31136 1 3	1
31146 1 3	1
31169 1 2	1
31179 1 3	1
31190 1 3	1
31202 1 3	1
31203 1 3	1
31220 3 1	1
31222 2 3	1
31227 2 3	1
31231 2 3	1
31237 2 3	1
31250 1 2	1
31251 2 3	1
31254 2 3	1
31261 2 3	1
31264 3 1	1
31265 1 3	1
31266 2 3	1
3128 1 2	1
31290 3 2	1
31302 2 3	1
31304 1 3	1
31306 3 1	1
31312 1 2	1
3132 1 3	1
31327 2 3	1
31330 1 3	1
31337 3 1	1
31347 2 3	1
31354 1 3	1
31367 3 2	1
31369 2 3	1
31378 1 3	1
3139 3 1	1
31393 2 1	1
31394 2 3	1
31396 2 3	1
31399 2 1	1
31407 1 2	1
31409 1 2	1
31412 1 3	1
31429 1 3	1
31432 2 3	1
31442 2 3	1
31443 2 3	1
31451 2 1	1
31456 3 2	1
31459 1 3	1
31473 1 3	1
31484 1 2	1
31490 1 3	1
31499 2 3	1
31508 2 3	1
31509 2 3	1
31519 2 3	1
31527 2 3	1
31533 2 3	1
31544 2 3	1
31546 2 3	1
31549 2 3	1
31551 3 2	1
31556 1 3	1
31560 1 2	1
31565 2 3	1
31567 1 2	1
31572 1 3	1
31579 1 3	1
316 1 2	1
3160 2 1	1
31603 3 2	1
31609 1 3	1
31615 2 3	1
31623 1 2	1
31629 1 2	1
31634 3 1	1
31641 1 3	1
31657 1 3	1
31663 3 1	1
31667 2 3	1
31671 3 1	1
31678 1 3	1
31682 3 2	1
31693 1 3	1
3170 3 1	1
31708 1 2	1
31723 1 3	1
31725 2 3	1
31733 3 1	1
3175 3 1	1
3176 1 2	1
31787 1 3	1
3179 2 3	1
31795 1 3	1
31802 1 3	1
31803 2 3	1
31807 1 3	1
31816 1 2	1
31830 1 3	1
31842 1 3	1
31843 1 3	1
31844 1 3	1
31848 2 3	1
31850 1 3	1
31855 1 2	1
31864 2 3	1
31872 1 3	1
31879 1 2	1
31888 2 3	1
31898 1 2	1
319 2 3	1
31904 2 3	1
31917 2 1	1
3192 1 3	1
31926 1 3	1
31931 2 3	1
31939 1 2	1
31940 2 1	1
31948 1 3	1
31949 3 1	1
31963 2 3	1
31978 3 2	1
3198 1 3	1
31982 3 1	1
31985 1 2	1
31986 1 2	1
32011 1 3	1
32016 3 2	1
32018 2 1	1
32025 1 3	1
32027 1 3	1
32031 3 2	1
32034 2 1	1
32037 1 3	1
32039 1 2	1
32043 1 3	1
32044 2 3	1
32046 3 1	1
3205 1 3	1
32061 3 1	1
32062 1 2	1
32069 1 3	1
32075 1 3	1
32080 2 3	1
32085 1 3	1
32090 1 3	1
32091 2 3	1
32098 2 3	1
32109 1 2	1
32112 2 3	1
32132 1 2	1
32136 1 3	1
3215 2 3	1
32154 2 3	1
32169 1 3	1
32175 2 3	1
32181 1 2	1
32186 1 2	1
32201 2 1	1
32203 1 3	1
32204 1 3	1
32212 3 2	1
32213 1 3	1
3223 2 3	1
32247 2 3	1
32253 2 3	1
32255 2 3	1
32260 2 3	1
32265 1 3	1
32285 2 3	1
32290 1 2	1
32300 3 2	1
32304 1 2	1
32309 2 3	1
32313 2 3	1
32323 1 3	1
32325 2 3	1
32327 2 3	1
32329 2 1	1
32350 1 2	1
32352 2 3	1
32370 3 1	1
3238 2 3	1
32383 3 1	1
3240 1 2	1
32400 2 3	1
32403 1 3	1
32407 1 3	1
32408 1 3	1
3241 1 3	1
32419 1 2	1
3242 2 3	1
32421 1 3	1
32426 1 3	1
32434 2 1	1
32444 2 3	1
3245 2 1	1
32456 3 2	1
32458 1 3	1
32463 3 2	1
32474 3 2	1
32483 1 2	1
32486 1 2	1
32488 2 3	1
32495 2 3	1
32497 2 3	1
32504 2 3	1
32517 1 3	1
3254 2 3	1
32540 1 3	1
32553 3 1	1
32554 2 3	1
32559 3 2	1
32560 3 1	1
32561 1 2	1
32574 3 1	1
32586 2 3	1
32590 2 3	1
32602 2 3	1
32603 2 3	1
32604 1 3	1
32605 3 1	1
32616 2 3	1
32620 1 3	1
32645 3 2	1
32650 3 2	1
32651 1 3	1
32654 1 3	1
32656 1 3	1
32659 2 3	1
32664 1 2	1
3268 1 2	1
32680 2 1	1
32682 1 2	1
32684 3 2	1
32690 2 3	1
32705 1 3	1
32709 1 2	1
32713 2 1	1
32735 1 3	1
32737 1 3	1
32742 2 3	1
32746 1 3	1
32748 2 3	1
32760 1 2	1
32771 3 2	1
32786 1 2	1
32794 3 2	1
32798 1 3	1
32809 1 3	1
32814 1 2	1
32817 1 2	1
32821 3 2	1
32827 1 3	1
32850 2 3	1
32877 1 3	1
3288 1 3	1
32881 1 2	1
32896 1 2	1
32899 2 3	1
329 3 2	1
32901 1 3	1
32905 1 3	1
32907 3 2	1
32909 1 3	1
32938 1 3	1
32942 2 3	1
32957 1 3	1
32960 2 3	1
32976 2 3	1
32984 1 2	1
32993 2 3	1
32994 1 3	1
3301 2 3	1
33029 2 3	1
3303 1 3	1
33030 3 2	1
33034 2 3	1
33035 2 1	1
33040 3 2	1
33041 1 3	1
33057 1 2	1
33080 2 3	1
33089 1 2	1
33092 2 3	1
33097 3 2	1
33110 2 3	1
3312 3 1	1
33132 1 3	1
33142 1 2	1
33144 3 2	1
33156 2 3	1
33163 1 3	1
33170 2 1	1
33175 1 3	1
33180 2 3	1
33200 1 2	1
33203 1 2	1
33205 2 3	1
3322 3 2	1
33245 2 3	1
33248 2 3	1
33249 1 2	1
33256 2 3	1
33269 2 3	1
33276 1 2	1
33280 1 3	1
33288 1 3	1
33294 1 3	1
33327 1 2	1
33331 1 3	1
33338 1 2	1
33347 2 1	1
3335 1 2	1
33355 1 3	1
33362 1 3	1
33367 1 2	1
33374 2 3	1
33383 2 3	1
3339 2 3	1
33400 3 2	1
33407 1 2	1
33414 1 3	1
33437 1 2	1
3344 2 1	1
33450 2 1	1
33451 2 3	1
33456 3 2	1
33463 1 3	1
33471 1 3	1
33481 2 1	1
33499 2 3	1
33503 1 3	1
3351 2 3	1
33547 3 1	1
33549 1 3	1
33561 2 1	1
33576 3 1	1
3358 1 2	1
3360 1 3	1
33607 3 1	1
33621 3 2	1
33625 1 2	1
33657 1 3	1
3366 2 3	1
33661 2 3	1
33668 3 1	1
3367 1 2	1
33683 3 2	1
33686 1 2	1
33689 3 1	1
33691 2 3	1
33702 1 2	1
33703 1 3	1
33707 1 2	1
33716 1 2	1
33717 2 3	1
33723 2 3	1
33725 1 2	1
33748 2 3	1
33756 2 3	1
33763 2 3	1
33764 3 2	1
33788 1 3	1
33789 1 2	1
33790 2 1	1
33806 2 3	1
33828 1 3	1
3383 3 2	1
33833 1 3	1
33835 2 1	1
33848 1 3	1
3385 1 3	1
33862 2 1	1
33869 2 3	1
33871 2 3	1
33885 3 1	1
33890 1 3	1
33891 2 3	1
33913 2 3	1
33922 3 2	1
33932 1 2	1
33933 2 3	1
33934 1 3	1
33937 1 3	1
33942 1 2	1
33946 2 3	1
33947 1 2	1
33960 1 2	1
3397 2 3	1
33979 1 3	1
3398 1 3	1
33992 1 3	1
33993 3 2	1
33995 1 2	1
34 2 3	1
34000 2 3	1
34004 3 1	1
34006 2 3	1
34010 1 3	1
34024 1 3	1
34040 2 3	1
34042 3 1	1
34053 1 3	1
34063 1 2	1
34070 1 3	1
34072 1 3	1
34092 3 2	1
34093 1 3	1
34101 1 3	1
34113 2 3	1
34114 1 3	1
3412 3 1	1
34132 2 1	1
34138 3 2	1
34140 2 3	1
34142 3 2	1
34145 3 2	1
34153 2 3	1
34159 2 3	1
34160 2 3	1
34166 2 3	1
34174 2 3	1
34178 2 1	1
34184 1 2	1
34188 2 3	1
3419 2 1	1
34194 2 3	1
3420 1 3	1
34210 1 2	1
34216 2 3	1
34220 1 2	1
34228 1 3	1
34232 1 3	1
34256 2 3	1
34266 3 2	1
34271 3 1	1
34280 1 3	1
34292 1 3	1
34295 1 3	1
34297 2 1	1
34307 3 2	1
3432 1 3	1
34323 1 3	1
34327 1 3	1
34337 2 1	1
34338 2 3	1
34340 2 3	1
34342 2 3	1
34352 3 1	1
34359 1 3	1
34386 3 2	1
34410 1 2	1
34413 1 3	1
34418 3 1	1
3444 1 3	1
34447 2 3	1
34449 1 3	1
34451 2 3	1
34487 1 3	1
34492 2 3	1
34511 1 3	1
34514 1 3	1
34520 3 2	1
34525 3 1	1
34531 2 3	1
34534 1 3	1
34535 1 3	1
3454 1 2	1
34540 1 2	1
34556 2 1	1
34565 1 3	1
34566 3 1	1
34583 3 2	1
34586 2 3	1
3459 1 2	1
346 3 1	1
34600 1 3	1
34603 1 3	1
34607 2 1	1
3461 1 2	1
34612 3 1	1
3462 1 2	1
34624 1 3	1
3464 2 3	1
34645 1 3	1
34656 1 3	1
34660 1 3	1
34664 1 3	1
34669 1 3	1
34670 1 3	1
34677 2 3	1
34704 1 3	1
34722 1 3	1
34724 2 3	1
34726 1 3	1
34731 1 3	1
34735 1 2	1
34739 2 1	1
34757 2 3	1
34771 2 3	1
34774 2 3	1
34784 1 2	1
34791 2 3	1
34799 3 1	1
34814 2 1	1
34820 3 1	1
34827 3 2	1
3483 2 3	1
34832 3 2	1
34839 1 2	1
34843 1 2	1
34844 2 1	1
34852 1 3	1
34853 2 3	1
34861 1 2	1
34876 1 2	1
34887 1 2	1
34889 1 3	1
3489 1 2	1
34897 2 3	1
34905 2 3	1
34909 2 1	1
34910 1 3	1
3492 2 3	1
34923 2 1	1
34925 1 3	1
3493 1 3	1
3494 1 3	1
34951 1 3	1
3496 1 2	1
34961 2 1	1
34970 1 3	1
34989 2 3	1
34992 1 3	1
35000 2 3	1
35009 2 3	1
35023 2 3	1
35024 1 2	1
35031 2 1	1
35037 1 2	1
35044 2 3	1
35054 1 3	1
35064 2 3	1
35073 2 3	1
35074 1 3	1
35086 2 3	1
351 2 3	1
35120 1 3	1
35123 1 3	1
35139 3 2	1
35159 1 3	1
35180 1 3	1
35184 2 3	1
35185 2 3	1
35193 1 3	1
35208 1 3	1
35212 1 3	1
35221 1 2	1
35223 2 3	1
35227 1 3	1
35229 1 3	1
35238 3 1	1
35244 2 3	1
35248 2 3	1
35252 1 2	1
35254 1 3	1
35257 3 2	1
35261 1 3	1
35270 3 1	1
35273 2 3	1
35286 2 1	1
35289 2 3	1
35295 1 3	1
35296 1 2	1
35298 3 1	1
353 1 3	1
35302 1 3	1
35308 3 1	1
3531 1 3	1
35325 3 1	1
35332 2 3	1
35335 1 2	1
35342 1 3	1
35349 3 1	1
3536 2 3	1
35364 1 3	1
35367 2 3	1
35389 2 3	1
35390 1 3	1
35392 3 2	1
35398 1 2	1
3540 2 3	1
35401 1 3	1
35411 3 2	1
35421 1 2	1
35433 2 3	1
35436 1 2	1
35445 2 3	1
35449 2 1	1
3545 1 3	1
35453 1 2	1
35458 3 2	1
35462 1 3	1
35465 1 2	1
3548 1 3	1
35499 2 3	1
35509 1 3	1
3551 3 2	1
35517 1 2	1
35519 1 2	1
35522 1 3	1
35538 2 3	1
35556 3 1	1
3556 1 2	1
35567 2 3	1
35571 2 3	1
3558 1 2	1
35581 2 3	1
35584 2 1	1
35587 2 3	1
3559 1 3	1
35593 1 2	1
35613 2 1	1
35618 2 3	1
35621 3 2	1
35627 1 3	1
35632 2 3	1
35635 1 3	1
35651 1 2	1
35653 3 2	1
35661 2 3	1
35662 1 3	1
3567 2 3	1
35676 3 2	1
35677 1 2	1
35681 1 2	1
35683 1 3	1
35684 1 3	1
3569 2 3	1
35690 2 3	1
35692 1 2	1
35696 1 2	1
35699 3 2	1
357 1 2	1
3570 1 3	1
35700 2 3	1
35701 3 1	1
35704 2 3	1
35708 1 3	1
3571 2 3	1
35728 2 3	1
35729 2 3	1
35745 2 3	1
3576 3 1	1
35764 1 2	1
35782 2 3	1
35788 2 3	1
35793 3 2	1
35795 1 2	1
35801 2 3	1
35811 2 3	1
35812 2 3	1
3582 1 2	1
35827 1 2	1
35831 1 2	1
35835 1 3	1
35842 1 2	1
35856 1 3	1
35858 1 3	1
35882 1 3	1
35883 1 2	1
35890 3 2	1
35897 1 2	1
3591 2 3	1
35914 1 2	1
35917 3 2	1
35918 2 3	1
35921 2 3	1
35928 1 3	1
3593 2 3	1
35934 2 3	1
35935 2 3	1
35942 1 3	1
35949 2 3	1
35960 3 1	1
35969 1 2	1
35989 1 2	1
36002 2 3	1
36009 2 3	1
36026 1 3	1
36036 2 3	1
36039 1 3	1
36041 2 3	1
36044 1 2	1
36056 1 3	1
3607 2 3	1
36070 1 3	1
36073 1 3	1
36077 1 3	1
3608 1 2	1
36089 3 1	1
36093 2 3	1
36105 2 3	1
36108 1 3	1
36110 1 2	1
36115 2 3	1
36117 2 3	1
36119 1 3	1
36138 2 3	1
36142 1 3	1
3615 2 3	1
36151 1 2	1
36155 2 3	1
36158 1 2	1
36165 2 1	1
36174 3 1	1
36180 3 1	1
36191 1 3	1
3621 2 3	1
36225 2 3	1
3624 1 2	1
36242 1 3	1
36248 3 1	1
36251 1 3	1
36255 1 2	1
36259 1 2	1
36265 3 2	1
36269 2 3	1
36274 1 2	1
36284 2 3	1
36286 2 3	1
36289 2 3	1
36295 1 3	1
3632 1 3	1
36333 3 2	1
36336 2 3	1
36340 2 3	1
36355 2 1	1
36358 1 2	1
3636 1 3	1
36360 1 3	1
36364 2 3	1
36370 1 2	1
36374 2 3	1
36383 1 3	1
36385 2 3	1
36389 1 3	1
36391 1 3	1
36401 1 3	1
36414 2 3	1
36415 1 3	1
36431 1 3	1
36434 1 3	1
36442 2 3	1
36443 1 3	1
36456 1 3	1
36462 1 3	1
36469 3 2	1
36479 1 2	1
36488 1 2	1
36498 1 3	1
36501 1 2	1
3651 1 3	1
36510 1 2	1
36518 2 3	1
36525 1 2	1
36527 2 3	1
36529 1 2	1
36537 2 1	1
36545 3 1	1
3656 2 1	1
36563 1 3	1
3657 2 3	1
36570 3 1	1
36595 1 3	1
36597 3 1	1
36598 3 2	1
36616 1 3	1
36617 2 3	1
36618 1 3	1
36623 1 3	1
36626 1 2	1
36645 1 3	1
3665 2 1	1
36656 2 3	1
36659 1 3	1
36661 2 3	1
36683 2 3	1
36690 1 2	1
36710 2 3	1
36711 1 3	1
36727 1 2	1
36740 1 2	1
36748 1 2	1
36752 1 2	1
36762 2 3	1
36765 1 3	1
36772 1 2	1
36774 1 2	1
36780 3 1	1
36786 1 3	1
36788 2 1	1
36792 2 1	1
36795 2 3	1
36796 1 2	1
36799 1 3	1
36803 1 3	1
36804 1 3	1
36806 2 3	1
36831 1 2	1
3684 3 2	1
36846 1 3	1
36848 2 3	1
36850 1 3	1
36858 1 2	1
36868 3 1	1
36876 3 2	1
36879 3 2	1
36880 1 3	1
36885 1 3	1
36889 2 3	1
3689 1 3	1
369 1 2	1
3690 1 3	1
36904 2 3	1
36912 1 3	1
3692 1 2	1
36938 1 3	1
36950 1 3	1
36960 3 2	1
36967 3 2	1
36982 2 3	1
36988 1 2	1
36990 1 2	1
36994 3 2	1
37007 2 1	1
37008 2 1	1
37010 3 1	1
37020 3 1	1
37027 1 3	1
37028 1 2	1
37057 1 3	1
37058 2 3	1
37061 1 2	1
37081 1 3	1
37083 3 2	1
37090 3 2	1
37100 3 2	1
37102 2 3	1
37111 1 2	1
37132 3 2	1
37134 3 2	1
37135 2 3	1
3714 2 3	1
37140 2 3	1
37149 1 2	1
3715 1 3	1
37157 2 3	1
37160 2 3	1
37161 2 3	1
37166 1 2	1
37177 1 2	1
37184 1 3	1
37187 3 1	1
3719 3 1	1
37203 1 2	1
37206 3 1	1
37207 1 3	1
37212 2 1	1
37216 2 3	1
37223 2 1	1
37227 1 3	1
3723 1 2	1
37232 1 2	1
37236 2 3	1
37250 2 1	1
37264 3 2	1
37265 2 3	1
3727 2 3	1
37276 1 3	1
37293 2 1	1
37296 1 3	1
37298 3 2	1
373 1 3	1
37300 1 3	1
37304 1 2	1
37308 1 2	1
37316 3 1	1
37317 2 3	1
37331 2 3	1
37334 1 3	1
3734 3 1	1
37341 1 2	1
37347 3 1	1
37350 1 3	1
37357 2 3	1
37362 1 3	1
37390 1 3	1
37397 3 2	1
37418 1 3	1
37434 2 3	1
37437 3 2	1
37439 2 3	1
37442 3 2	1
37444 2 3	1
37460 1 2	1
37468 1 3	1
37471 1 2	1
37484 1 3	1
37498 2 3	1
37502 2 3	1
37509 1 2	1
37514 1 3	1
37523 2 3	1
37537 3 2	1
37553 1 3	1
37557 2 1	1
37587 2 3	1
37597 2 3	1
37599 1 3	1
376 3 1	1
37600 1 2	1
37605 3 2	1
3761 2 1	1
37612 1 3	1
37626 2 3	1
37627 2 3	1
37629 1 2	1
3763 3 2	1
37635 1 2	1
37638 2 3	1
37648 1 3	1
37649 2 3	1
37660 2 3	1
37675 2 3	1
37676 2 3	1
37677 2 1	1
3768 1 2	1
37689 2 3	1
3769 1 2	1
37691 2 3	1
37718 2 3	1
37729 3 2	1
3773 2 3	1
37732 1 2	1
37745 2 3	1
37751 3 1	1
37760 1 3	1
37766 2 1	1
37769 1 3	1
37770 2 3	1
37774 2 3	1
37782 1 2	1
37786 1 3	1
3779 2 3	1
37791 2 1	1
37805 2 3	1
37815 1 2	1
37819 2 1	1
37823 1 3	1
37829 2 3	1
3783 3 1	1
37830 1 2	1
37841 3 2	1
37849 1 3	1
37860 1 3	1
37866 2 3	1
37871 2 3	1
37875 1 2	1
37882 2 3	1
3789 2 3	1
37894 2 3	1
37895 1 2	1
37903 1 2	1
3791 2 3	1
37914 2 1	1
37965 3 2	1
37979 2 3	1
37982 1 3	1
3800 3 1	1
38005 3 2	1
38006 2 3	1
38012 2 3	1
38013 3 2	1
38033 2 3	1
38037 1 2	1
3804 1 2	1
38042 2 3	1
38050 2 1	1
38052 3 2	1
38056 3 2	1
38076 2 1	1
38079 3 1	1
38085 3 1	1
3809 1 3	1
38090 2 3	1
38102 2 3	1
38104 1 3	1
3811 2 3	1
38118 1 3	1
38119 3 2	1
38120 3 2	1
38129 1 3	1
38130 2 3	1
38150 1 3	1
38151 1 3	1
38167 3 2	1
38170 1 2	1
38174 1 2	1
38176 2 3	1
38177 1 3	1
38182 1 3	1
38193 2 3	1
38196 1 3	1
38210 1 3	1
38215 2 3	1
38225 1 2	1
38235 1 3	1
38237 2 3	1
38238 1 3	1
38246 2 3	1
38247 3 2	1
38260 1 3	1
38261 1 2	1
3827 2 3	1
38333 3 1	1
38342 1 3	1
38346 1 2	1
38350 1 3	1
38351 2 3	1
38357 2 3	1
38361 1 2	1
38363 2 1	1
38370 2 3	1
38379 2 1	1
38382 3 2	1
38391 2 3	1
38398 1 3	1
38414 1 2	1
38425 2 1	1
38427 2 3	1
38439 1 2	1
38441 1 3	1
38448 2 3	1
38452 1 2	1
38456 1 3	1
38457 1 2	1
38479 2 3	1
38480 2 3	1
38482 3 1	1
38500 1 3	1
38501 1 3	1
38509 1 3	1
38519 1 3	1
38530 1 3	1
38538 3 1	1
38545 1 2	1
38549 1 2	1
38571 1 3	1
38583 2 1	1
38589 1 3	1
38597 1 2	1
38599 1 3	1
38601 1 2	1
38620 1 2	1
38634 1 3	1
38637 2 3	1
38639 2 3	1
3864 1 3	1
38644 2 3	1
3865 2 3	1
38651 3 1	1
38664 1 2	1
38665 3 2	1
38669 2 3	1
38686 2 3	1
38689 3 2	1
38708 1 2	1
38718 1 2	1
38723 2 1	1
38731 2 1	1
38732 1 3	1
38742 2 3	1
38743 1 2	1
38745 3 2	1
38748 1 3	1
38754 2 3	1
38757 1 2	1
38769 1 2	1
38773 2 1	1
38776 1 2	1
38790 1 3	1
38803 1 3	1
38804 2 1	1
38805 2 3	1
38816 2 1	1
38818 3 2	1
3882 1 3	1
38829 1 3	1
38836 1 3	1
38840 2 3	1
38844 2 3	1
3885 1 3	1
38877 3 1	1
38880 2 3	1
38890 2 3	1
38892 2 3	1
38895 1 2	1
38896 1 3	1
38911 1 2	1
38917 2 1	1
38919 2 3	1
38922 2 3	1
38923 1 3	1
38926 1 2	1
38927 2 3	1
38935 1 3	1
38947 1 2	1
38948 3 1	1
38956 2 3	1
38961 1 2	1
38971 1 3	1
38973 2 3	1
38982 1 3	1
38992 1 3	1
39001 2 1	1
39006 2 3	1
39023 1 2	1
39035 2 3	1
39039 2 3	1
3904 2 3	1
39051 2 3	1
39059 2 1	1
39065 1 3	1
39072 1 3	1
39074 1 3	1
39084 3 1	1
39105 1 2	1
39113 1 2	1
39118 2 3	1
39119 2 3	1
39120 2 3	1
39123 1 3	1
39124 2 3	1
39125 1 3	1
39135 3 1	1
39143 1 3	1
39147 3 1	1
39149 2 3	1
39158 2 3	1
3916 1 2	1
39167 3 2	1
39185 1 3	1
3919 1 2	1
3920 2 3	1
39203 2 3	1
39212 1 3	1
39215 1 2	1
39219 1 3	1
39238 1 2	1
39243 1 2	1
39248 2 3	1
39262 3 2	1
39271 1 2	1
39273 2 3	1
39279 1 2	1
3929 1 2	1
39298 2 3	1
39303 2 3	1
39324 1 3	1
39326 1 2	1
39330 3 2	1
39334 2 3	1
39335 1 2	1
39338 2 3	1
39343 1 3	1
39352 1 3	1
39355 3 2	1
39359 1 2	1
3936 2 1	1
39367 1 2	1
39370 2 3	1
39381 3 1	1
39383 3 2	1
3941 1 3	1
39415 2 3	1
39429 1 3	1
39443 2 3	1
39446 3 2	1
39459 1 3	1
39483 2 3	1
39485 2 1	1
39501 2 1	1
39507 1 3	1
39510 2 3	1
39547 3 1	1
39554 1 2	1
39558 1 3	1
39559 1 3	1
39563 2 3	1
39566 1 3	1
3957 1 3	1
39579 1 3	1
39591 1 3	1
39607 2 3	1
39621 1 3	1
39638 1 3	1
3965 1 2	1
39650 1 3	1
39669 1 3	1
39678 2 3	1
39686 2 3	1
39699 1 3	1
39707 3 1	1
39720 2 1	1
39722 1 3	1
39728 2 3	1
39740 1 3	1
39742 1 3	1
39744 1 3	1
39748 2 3	1
39750 1 3	1
39754 2 1	1
3976 1 3	1
39774 2 3	1
39782 3 1	1
39790 1 3	1
39810 2 3	1
39829 3 2	1
39831 3 2	1
39847 1 3	1
39851 2 3	1
39872 2 3	1
39878 1 2	1
39882 2 3	1
39883 2 3	1
39884 1 2	1
39886 1 3	1
39897 2 3	1
3990 3 1	1
3991 2 3	1
39917 1 2	1
39927 3 1	1
39928 1 2	1
3993 1 3	1
39936 2 3	1
39938 1 3	1
39944 2 3	1
39953 1 3	1
39955 3 2	1
39959 3 1	1
39960 2 3	1
39963 1 3	1
39979 1 3	1
39984 2 3	1
39985 1 3	1
39987 3 1	1
39989 1 2	1
39990 1 2	1
39995 1 3	1
40005 1 3	1
40008 1 2	1
40013 1 2	1
40014 1 2	1
40027 1 3	1
40031 3 2	1
40032 2 3	1
40038 2 1	1
40041 2 3	1
40043 3 2	1
40047 2 3	1
40050 2 3	1
40051 1 2	1
40053 1 3	1
40074 2 3	1
40076 3 2	1
40082 1 3	1
40086 3 2	1
40101 1 3	1
40102 1 2	1
40116 2 3	1
4012 1 3	1
40126 2 3	1
40145 2 1	1
40152 1 3	1
40155 1 2	1
40158 3 1	1
40164 1 3	1
40166 2 3	1
40184 2 3	1
40191 1 3	1
402 2 3	1
40210 2 3	1
4025 1 2	1
40250 1 2	1
40262 1 2	1
4027 2 3	1
40275 2 3	1
40281 1 2	1
40290 1 2	1
40293 2 3	1
40299 1 2	1
40304 1 3	1
40324 1 3	1
4033 3 2	1
40344 1 3	1
40346 1 3	1
4036 2 3	1
40361 1 3	1
40363 2 3	1
40364 2 3	1
40367 1 3	1
40377 1 2	1
40388 2 3	1
40393 1 3	1
40394 1 2	1
40397 1 2	1
40408 2 1	1
40421 1 3	1
40462 3 2	1
40472 2 3	1
40477 2 3	1
40490 2 3	1
40494 1 2	1
40509 3 1	1
40512 3 2	1
40515 1 2	1
40516 1 2	1
40517 1 3	1
40520 2 3	1
40531 1 3	1
40533 2 3	1
40538 1 2	1
40562 2 3	1
40564 1 3	1
40577 1 2	1
40585 2 1	1
40589 2 3	1
40629 1 3	1
40630 3 2	1
40643 3 1	1
40645 1 2	1
4065 2 3	1
40654 1 3	1
4066 1 2	1
40660 2 3	1
40664 3 1	1
40669 2 3	1
40675 3 1	1
40678 1 3	1
40679 1 2	1
40685 3 2	1
40689 1 3	1
4069 1 3	1
40690 1 3	1
4070 1 3	1
40708 1 3	1
40712 2 3	1
40721 2 3	1
4073 1 3	1
40741 1 3	1
40747 1 2	1
40759 1 2	1
40760 3 1	1
40769 2 1	1
40772 1 3	1
40783 1 3	1
40794 2 3	1
40797 1 2	1
408 2 3	1
40806 1 3	1
40807 1 2	1
4081 2 3	1
40820 2 3	1
40825 1 3	1
40845 2 1	1
40846 1 2	1
40856 1 3	1
40863 1 2	1
40865 1 3	1
40874 1 3	1
40894 1 3	1
40903 2 3	1
40917 1 2	1
4092 1 3	1
40939 2 3	1
40940 3 1	1
40946 3 1	1
40952 2 3	1
40955 1 2	1
40960 2 3	1
40966 2 3	1
40986 2 3	1
40990 2 1	1
40993 1 3	1
40995 1 3	1
41018 2 3	1
41019 3 2	1
4104 1 3	1
41042 1 2	1
41055 2 3	1
41057 1 3	1
41060 1 3	1
41061 1 2	1
41077 1 3	1
41078 1 3	1
4108 1 3	1
41088 1 3	1
4109 2 3	1
4111 1 3	1
41136 1 3	1
41137 1 2	1
41146 1 2	1
41149 1 3	1
41157 2 3	1
4116 1 2	1
41166 3 2	1
41167 1 3	1
41182 2 3	1
41189 1 2	1
41202 2 3	1
41213 2 3	1
41215 1 2	1
41216 2 3	1
41218 3 2	1
41223 1 3	1
41236 1 3	1
41251 2 3	1
41263 1 3	1
41269 2 3	1
41279 1 2	1
41283 1 2	1
41286 2 3	1
4129 1 2	1
41293 1 3	1
41303 2 3	1
41304 1 3	1
41311 1 3	1
41313 1 3	1
41314 1 2	1
41317 2 1	1
41318 2 3	1
41345 1 2	1
41359 1 2	1
41379 2 3	1
41386 2 3	1
41388 1 2	1
41392 2 3	1
41406 2 1	1
41417 1 3	1
4142 1 2	1
41423 1 3	1
41425 2 1	1
41439 1 3	1
41451 2 3	1
41452 1 3	1
41455 2 3	1
41466 2 3	1
41469 2 3	1
4148 1 2	1
41487 1 2	1
41490 3 2	1
41497 2 3	1
415 3 2	1
41505 1 3	1
41508 1 3	1
41515 2 3	1
41519 3 2	1
41522 2 3	1
41527 1 3	1
4155 2 3	1
41552 1 3	1
41559 2 3	1
41567 1 2	1
41575 1 2	1
41588 1 3	1
41592 2 1	1
416 3 2	1
4160 2 3	1
41602 1 2	1
41610 1 3	1
41617 1 3	1
41623 1 2	1
41651 3 1	1
41658 1 2	1
41666 1 3	1
4170 1 2	1
41707 1 2	1
41712 1 3	1
41720 2 1	1
41746 2 1	1
41748 1 3	1
41749 1 3	1
41755 1 3	1
41761 1 3	1
41764 1 3	1
41765 2 3	1
41767 1 3	1
4177 1 2	1
41770 1 3	1
41778 2 3	1
41793 2 3	1
41799 2 3	1
41801 2 3	1
41809 3 2	1
4181 2 3	1
41810 2 3	1
41816 3 2	1
41828 2 1	1
41838 2 3	1
41848 2 3	1
41859 3 2	1
41869 1 2	1
41886 2 3	1
41887 2 3	1
41899 1 2	1
41900 3 1	1
41903 2 3	1
41915 2 3	1
4192 1 3	1
41940 2 3	1
41947 2 3	1
41950 1 2	1
41967 1 3	1
41975 2 3	1
4198 1 3	1
41980 1 2	1
41983 1 2	1
41990 1 3	1
41994 1 2	1
41995 3 1	1
41998 1 3	1
420 2 1	1
42007 2 3	1
4201 1 3	1
42018 1 2	1
42028 2 3	1
42030 3 2	1
42038 1 3	1
42043 2 3	1
42045 3 1	1
42059 2 3	1
42060 2 3	1
42065 2 3	1
42068 2 3	1
42070 1 2	1
42079 3 2	1
4208 3 2	1
42089 2 1	1
42108 2 3	1
42128 2 3	1
42144 1 2	1
42150 2 3	1
42152 2 3	1
42157 2 3	1
42160 3 1	1
42172 2 3	1
42180 2 3	1
42189 1 2	1
42192 1 3	1
42201 1 3	1
42219 1 3	1
42234 1 2	1
42240 2 3	1
42271 3 2	1
42283 1 3	1
42296 2 3	1
42306 3 2	1
42308 1 3	1
42345 1 3	1
42347 1 3	1
42359 1 2	1
4236 1 3	1
42367 1 3	1
42386 1 2	1
42394 2 3	1
42403 2 1	1
42406 3 1	1
42413 1 2	1
42433 1 3	1
42435 1 3	1
42436 3 2	1
42445 1 2	1
42448 1 3	1
42464 2 3	1
42473 1 2	1
42484 1 2	1
42487 1 2	1
4250 3 2	1
42500 3 1	1
42509 1 2	1
42510 2 3	1
42514 2 3	1
42521 3 2	1
42523 2 3	1
42529 3 2	1
42531 2 3	1
42540 1 3	1
42549 1 3	1
42552 2 3	1
42556 2 3	1
42557 1 2	1
42568 1 2	1
42571 1 3	1
42579 2 3	1
42585 1 3	1
4259 3 2	1
42593 1 2	1
426 1 3	1
42612 2 3	1
42620 3 1	1
42622 1 2	1
42628 2 3	1
42642 1 2	1
42645 1 2	1
42657 2 1	1
42662 1 3	1
42675 3 2	1
4269 2 3	1
42692 1 2	1
42697 2 3	1
42699 2 3	1
42700 2 3	1
42707 1 3	1
42714 3 2	1
42718 1 3	1
42722 1 3	1
42731 1 3	1
42734 1 2	1
42754 1 2	1
42764 2 3	1
42775 2 3	1
42801 1 3	1
42805 1 3	1
42810 2 3	1
42817 2 3	1
42826 1 3	1
42835 2 1	1
42839 2 3	1
42841 2 3	1
42857 2 3	1
42861 1 2	1
42877 1 2	1
42891 1 2	1
42892 1 3	1
42896 2 3	1
42898 1 3	1
42909 2 3	1
42912 2 3	1
42913 1 2	1
42922 2 3	1
42927 1 3	1
42929 2 1	1
42939 1 2	1
42946 2 3	1
42947 3 2	1
42948 2 1	1
4295 2 3	1
42963 3 2	1
42966 1 3	1
42973 3 1	1
42974 2 3	1
42985 1 2	1
42987 2 3	1
42990 1 2	1
42997 1 3	1
43 3 2	1
43001 1 3	1
43008 1 3	1
43022 2 3	1
4303 1 3	1
43030 2 3	1
43036 3 1	1
43049 3 2	1
43052 1 2	1
43059 3 1	1
4306 2 3	1
43061 3 2	1
43066 2 3	1
43074 1 2	1
43076 2 3	1
43084 1 2	1
43085 2 3	1
43091 1 3	1
43096 1 3	1
43098 1 2	1
43108 1 3	1
43110 1 2	1
43112 1 3	1
43113 1 3	1
4312 1 3	1
43126 2 3	1
43130 2 3	1
43134 3 1	1
43142 2 3	1
43145 2 3	1
43148 1 3	1
43150 1 3	1
43156 2 3	1
43177 2 1	1
43180 2 3	1
43183 2 3	1
43184 1 2	1
43191 1 3	1
43220 1 2	1
43230 1 2	1
43235 2 3	1
43245 1 3	1
43252 1 3	1
43253 2 3	1
43265 1 3	1
43273 1 2	1
43276 2 1	1
43277 1 2	1
43281 2 3	1
43285 2 3	1
43291 1 2	1
43305 3 1	1
4331 3 2	1
43324 1 3	1
43329 2 3	1
43352 1 3	1
43357 2 3	1
43360 1 3	1
43361 2 3	1
43374 2 3	1
43380 2 3	1
43383 1 3	1
43384 1 3	1
4339 3 1	1
43395 2 1	1
43396 1 3	1
43408 2 3	1
43411 2 3	1
43415 3 1	1
43417 1 2	1
43418 1 2	1
43430 2 3	1
43433 2 3	1
43439 3 2	1
43445 1 3	1
43451 1 2	1
43454 2 3	1
43461 2 3	1
43468 2 3	1
43490 1 2	1
43498 3 1	1
43499 1 3	1
43501 1 2	1
43504 2 3	1
43507 2 3	1
43517 1 3	1
43518 2 3	1
43521 1 2	1
43523 2 3	1
43527 1 3	1
43529 3 1	1
43538 2 3	1
43560 1 3	1
43572 2 3	1
43582 1 2	1
43593 1 3	1
43599 1 3	1
43600 2 1	1
43605 3 1	1
43609 2 3	1
43610 1 3	1
43611 3 1	1
43629 1 3	1
4364 1 2	1
43643 1 3	1
43655 1 3	1
43664 1 2	1
43665 1 2	1
43669 1 3	1
43670 1 3	1
43697 2 3	1
43701 2 3	1
43702 2 3	1
43704 2 3	1
4371 2 3	1
43712 1 3	1
4372 1 2	1
43721 1 3	1
43725 1 3	1
43732 2 3	1
43734 2 3	1
43742 1 3	1
43743 1 3	1
43744 2 3	1
43745 2 1	1
43751 2 3	1
43762 2 3	1
43763 1 2	1
43772 2 3	1
43784 3 1	1
43792 1 3	1
4380 2 3	1
43807 2 3	1
43837 3 1	1
43842 3 1	1
43846 1 2	1
43864 1 3	1
43872 2 3	1
43874 1 3	1
43880 3 1	1
43893 1 3	1
43899 2 3	1
43907 1 2	1
43916 3 2	1
43921 2 3	1
4393 3 1	1
43958 1 3	1
43961 1 2	1
43965 3 2	1
43966 3 2	1
43968 1 2	1
43979 3 2	1
43980 2 3	1
43983 1 3	1
44001 3 2	1
44021 3 2	1
44023 1 2	1
44025 2 3	1
4403 1 3	1
44035 1 2	1
44036 1 3	1
44041 1 2	1
44045 2 3	1
44048 3 1	1
44069 1 2	1
44089 2 3	1
44090 2 3	1
44111 1 3	1
44116 2 3	1
44121 1 2	1
44124 2 3	1
44143 1 2	1
4417 2 3	1
44175 2 3	1
44179 1 2	1
44192 3 1	1
44224 1 3	1
4423 1 3	1
44234 1 2	1
4424 1 3	1
44240 2 3	1
44252 3 1	1
44257 1 2	1
44258 1 2	1
44264 1 3	1
44269 2 3	1
44270 1 3	1
44273 1 3	1
44279 3 2	1
44297 3 1	1
44313 2 3	1
44315 2 3	1
44317 1 3	1
44329 2 3	1
44340 1 2	1
44343 2 3	1
44357 1 3	1
44374 3 1	1
44381 1 3	1
44401 2 3	1
44412 2 3	1
44413 2 1	1
44417 2 1	1
44418 2 3	1
44420 1 3	1
44430 1 2	1
44431 2 3	1
44432 3 2	1
44434 1 3	1
44440 3 2	1
44441 1 3	1
44460 2 3	1
44461 2 3	1
44469 1 3	1
44472 3 1	1
4449 1 2	1
44491 2 1	1
44497 2 3	1
44499 2 3	1
4450 1 3	1
44502 1 3	1
44518 2 3	1
44527 1 2	1
44529 1 2	1
44530 1 3	1
44540 1 3	1
44544 2 3	1
44545 1 2	1
44555 1 3	1
44565 2 1	1
4457 3 1	1
44570 1 3	1
44571 2 3	1
44573 2 3	1
44575 2 3	1
44576 1 3	1
44612 1 3	1
44615 3 2	1
44617 2 3	1
44629 1 3	1
44632 1 2	1
44641 1 2	1
44646 2 3	1
4465 2 3	1
44653 2 3	1
44665 3 1	1
44673 1 3	1
44686 2 3	1
44690 1 2	1
44693 3 2	1
44696 1 2	1
44697 3 1	1
44699 2 3	1
44713 2 3	1
44720 2 3	1
44723 3 2	1
44729 3 2	1
44753 2 3	1
44764 2 3	1
44773 1 2	1
44779 1 3	1
44781 1 3	1
44784 1 2	1
44786 1 3	1
44789 1 3	1
44808 2 3	1
44812 1 3	1
44819 2 3	1
44842 3 2	1
44846 1 3	1
44868 1 2	1
44880 2 1	1
44885 2 3	1
44887 1 3	1
44888 1 2	1
4489 2 3	1
44898 1 2	1
4490 2 3	1
44901 1 2	1
44906 1 3	1
44910 2 3	1
44911 1 2	1
44918 2 3	1
44919 2 1	1
44930 3 1	1
44936 1 3	1
44960 1 2	1
44962 2 3	1
44979 1 3	1
44989 1 2	1
44998 3 1	1
45000 3 1	1
45002 1 3	1
45010 3 1	1
45015 1 3	1
45026 2 3	1
4503 1 2	1
45037 2 3	1
45041 2 3	1
45046 3 1	1
4506 2 3	1
45067 2 3	1
45076 1 3	1
45090 2 3	1
45118 2 3	1
45134 1 3	1
45136 1 3	1
45156 1 3	1
45164 2 3	1
45171 1 2	1
45174 2 3	1
45175 2 3	1
4518 2 3	1
45192 1 3	1
45198 1 3	1
45203 1 2	1
45209 1 2	1
45216 1 2	1
45224 1 2	1
45233 2 3	1
45244 2 3	1
45254 2 3	1
45257 1 2	1
45268 3 1	1
45274 1 3	1
45284 1 3	1
45289 2 3	1
45292 2 3	1
45294 1 2	1
45303 3 2	1
45306 1 2	1
45308 3 2	1
45314 2 3	1
45324 2 1	1
45326 1 3	1
45346 2 3	1
45353 1 3	1
45354 1 2	1
45371 2 3	1
45396 3 2	1
454 2 3	1
45403 2 3	1
45406 1 2	1
45407 1 2	1
45422 1 2	1
45434 2 1	1
45436 2 3	1
45442 2 3	1
45451 2 3	1
45458 2 3	1
45460 2 3	1
45462 1 3	1
45466 1 3	1
45472 1 3	1
45474 2 3	1
4548 1 2	1
45488 3 1	1
45489 1 3	1
45498 2 3	1
4550 2 3	1
45503 1 3	1
45515 3 1	1
45532 1 3	1
4554 3 1	1
45546 1 3	1
45565 1 3	1
45569 2 3	1
45581 1 3	1
45586 1 3	1
456 3 2	1
45606 3 2	1
45607 1 3	1
4563 3 1	1
45632 2 3	1
45639 1 3	1
45647 2 3	1
45652 3 2	1
45663 3 2	1
45667 2 3	1
45669 3 2	1
45686 2 3	1
45695 1 3	1
45704 2 1	1
45706 3 1	1
45709 3 2	1
45712 2 3	1
45713 1 2	1
45715 2 3	1
45718 3 2	1
45720 1 3	1
45725 1 3	1
45749 3 2	1
45756 3 2	1
45757 1 3	1
4576 1 2	1
45764 3 1	1
45766 2 3	1
45768 3 1	1
45774 1 3	1
45776 2 3	1
45784 1 2	1
45785 2 3	1
45796 1 3	1
45797 1 2	1
45798 3 2	1
45804 2 3	1
45823 2 3	1
45825 1 3	1
45827 2 3	1
45830 1 3	1
45836 3 1	1
4584 1 2	1
45841 3 2	1
45843 1 2	1
45849 2 3	1
45866 2 3	1
45874 1 2	1
45880 2 3	1
45884 1 3	1
45889 2 3	1
45894 1 3	1
45895 2 3	1
45896 3 1	1
45917 1 2	1
45931 2 3	1
45933 1 3	1
45934 2 3	1
45938 1 3	1
45960 1 3	1
45962 2 3	1
45964 1 3	1
45966 1 2	1
45969 3 2	1
45976 2 3	1
45989 2 1	1
45993 2 3	1
46003 1 2	1
46006 3 1	1
46009 1 2	1
46010 3 2	1
46021 3 1	1
46040 1 3	1
46041 2 3	1
46050 1 3	1
46055 1 2	1
46061 1 2	1
46077 1 2	1
46080 1 2	1
46101 1 3	1
46105 1 3	1
46113 3 1	1
46116 2 1	1
46126 1 3	1
46130 1 2	1
4614 2 1	1
46140 2 3	1
46143 1 3	1
46144 3 2	1
46146 1 3	1
46147 1 3	1
46148 2 1	1
46149 1 2	1
46156 2 3	1
46168 2 3	1
46176 2 3	1
46204 1 3	1
46209 1 3	1
4621 2 3	1
46213 1 2	1
46214 2 3	1
46223 3 2	1
46225 2 3	1
46232 3 2	1
4625 1 2	1
46251 2 3	1
46260 1 3	1
46261 2 3	1
46264 2 3	1
46266 1 3	1
46268 2 3	1
46278 1 2	1
46279 3 1	1
46280 2 3	1
46283 1 2	1
46294 1 2	1
46299 2 1	1
463 1 2	1
46324 1 2	1
46344 3 2	1
46345 1 3	1
46350 2 3	1
46360 2 3	1
46361 2 3	1
46368 3 2	1
46372 2 3	1
46377 2 3	1
4638 1 3	1
46385 2 3	1
46386 2 3	1
46388 3 2	1
46392 2 3	1
46396 2 1	1
46398 1 3	1
46404 1 2	1
46405 1 2	1
46424 2 3	1
46425 2 3	1
46426 1 3	1
46459 1 3	1
46464 2 3	1
46468 1 2	1
46471 3 2	1
46473 1 2	1
46492 2 3	1
46493 2 3	1
46499 1 2	1
46516 2 3	1
4652 3 2	1
46520 1 3	1
46529 2 3	1
46534 3 1	1
46535 2 3	1
46538 2 3	1
46539 1 3	1
46570 2 3	1
46575 3 1	1
46580 2 3	1
46589 1 2	1
46593 2 3	1
46597 2 3	1
46598 2 3	1
46646 1 2	1
46672 1 2	1
46679 1 3	1
46681 3 1	1
46683 2 3	1
46685 1 3	1
46694 2 1	1
46699 1 3	1
46700 1 2	1
46725 1 3	1
46731 1 3	1
46732 3 2	1
46734 1 2	1
46743 1 2	1
46746 2 3	1
46750 2 3	1
46761 2 1	1
46772 3 1	1
46775 1 2	1
46776 1 3	1
46781 1 2	1
46788 2 3	1
46791 2 3	1
46798 1 3	1
46803 1 3	1
46808 2 3	1
46811 2 3	1
46812 2 3	1
46813 3 1	1
46818 1 3	1
46825 2 1	1
46830 2 3	1
46831 2 3	1
46835 1 2	1
46838 2 3	1
46839 3 2	1
46865 1 3	1
46866 3 2	1
4687 3 2	1
46870 1 2	1
46872 2 3	1
46880 2 3	1
46884 1 2	1
46891 2 3	1
46893 1 3	1
46900 3 1	1
46901 1 2	1
46913 1 3	1
46923 1 3	1
46933 1 3	1
46937 3 2	1
46953 1 3	1
46956 3 2	1
46962 2 3	1
46970 1 3	1
46978 1 3	1
4698 1 2	1
46981 2 3	1
46983 1 3	1
46990 1 3	1
46991 3 1	1
46999 2 3	1
47000 2 3	1
47003 1 3	1
47005 3 2	1
47010 1 3	1
47021 2 3	1
47022 2 3	1
47031 2 3	1
4705 2 3	1
4706 2 3	1
4707 2 3	1
4708 1 2	1
47082 2 3	1
4709 2 3	1
47113 1 3	1
47115 3 2	1
47121 3 1	1
47124 2 3	1
47131 1 3	1
47134 2 3	1
47136 1 3	1
47138 1 2	1
47145 2 3	1
47150 2 1	1
47156 1 3	1
47162 2 3	1
47178 1 3	1
47180 1 3	1
47186 1 3	1
47191 3 1	1
4721 2 3	1
47238 1 2	1
4724 1 2	1
47244 2 3	1
47257 3 2	1
47259 1 2	1
47278 2 3	1
47284 2 3	1
47285 1 2	1
47286 2 3	1
47295 3 1	1
4730 1 3	1
47309 2 3	1
47311 1 2	1
47319 2 1	1
47329 1 3	1
47331 1 2	1
47332 1 3	1
47349 1 3	1
47356 2 3	1
47369 1 2	1
47379 3 1	1
47385 1 3	1
47386 2 3	1
47396 3 1	1
474 3 2	1
47407 3 1	1
47417 3 2	1
4742 1 3	1
47420 2 3	1
47423 1 3	1
47424 2 3	1
47430 1 3	1
47435 2 3	1
47439 1 3	1
47441 2 3	1
47443 1 3	1
47451 2 3	1
47455 1 3	1
47460 2 3	1
47471 1 3	1
47475 2 3	1
47476 2 3	1
47480 2 3	1
47487 2 3	1
4749 3 1	1
47502 2 3	1
47513 2 1	1
47519 2 3	1
4753 2 3	1
47531 3 2	1
47535 2 3	1
47548 3 2	1
47551 1 2	1
47558 1 3	1
4756 3 2	1
47564 2 1	1
47570 1 3	1
47586 2 1	1
47588 1 3	1
47599 3 1	1
47603 2 1	1
47607 3 2	1
47608 1 2	1
47610 1 2	1
47626 1 2	1
47628 3 2	1
4765 2 3	1
47654 2 3	1
47656 1 3	1
47657 1 2	1
4766 1 2	1
4767 2 3	1
47677 3 1	1
47678 1 3	1
47679 2 3	1
47693 1 2	1
47694 1 2	1
47700 1 3	1
47706 1 2	1
4771 3 2	1
47713 1 3	1
47718 1 2	1
47732 2 3	1
47739 1 2	1
47756 1 2	1
47757 3 2	1
47758 3 1	1
47759 1 3	1
4777 1 3	1
47772 3 2	1
47778 2 3	1
47785 1 2	1
47793 1 3	1
47803 2 3	1
4781 1 3	1
47815 2 3	1
47817 2 3	1
4782 1 3	1
4783 2 3	1
47846 3 2	1
47865 2 3	1
47889 1 3	1
47893 1 3	1
47906 1 2	1
47907 2 3	1
4791 1 2	1
47915 1 2	1
47957 2 1	1
47964 2 3	1
47974 2 3	1
47978 2 3	1
47994 1 3	1
48 2 1	1
48009 1 3	1
48014 1 2	1
4802 2 1	1
48031 2 3	1
48033 3 2	1
48039 2 3	1
48048 1 2	1
48052 2 3	1
48073 3 1	1
48078 1 3	1
48086 3 2	1
48091 3 2	1
48108 2 3	1
48112 3 1	1
48142 2 1	1
48153 1 2	1
48154 2 3	1
48156 1 3	1
48170 1 3	1
48175 1 3	1
4818 1 3	1
48180 3 2	1
48182 1 3	1
4819 1 2	1
48214 2 1	1
48218 1 2	1
48226 1 2	1
48252 3 1	1
48259 2 3	1
48274 2 3	1
48288 2 3	1
48302 3 1	1
48308 3 1	1
48310 2 3	1
48312 1 3	1
48321 2 3	1
48329 2 3	1
4833 2 3	1
48331 2 1	1
48335 2 3	1
48342 1 3	1
48349 1 3	1
48356 1 2	1
48357 2 3	1
48370 2 3	1
48373 1 2	1
48387 3 2	1
48393 1 3	1
48394 2 3	1
48396 1 3	1
4841 1 2	1
48414 2 1	1
48420 2 3	1
48429 1 3	1
48432 1 3	1
48434 2 3	1
48437 3 1	1
48446 1 2	1
48453 3 1	1
48461 2 3	1
48476 2 3	1
48479 1 3	1
48485 1 2	1
48488 2 3	1
4850 3 1	1
48513 2 3	1
48519 1 2	1
48534 2 3	1
48559 1 2	1
48572 2 3	1
48581 2 3	1
48582 1 2	1
48584 3 2	1
48588 1 2	1
48599 2 1	1
48602 1 3	1
48606 1 3	1
48607 1 3	1
48613 1 3	1
48618 1 2	1
48635 1 2	1
48639 2 3	1
4864 1 3	1
48653 2 3	1
48658 1 3	1
48660 1 3	1
48689 1 2	1
48694 1 3	1
48705 1 2	1
48714 3 1	1
4872 3 1	1
48723 3 2	1
48730 1 2	1
48739 2 1	1
48744 2 3	1
48753 2 3	1
48755 3 2	1
48765 1 3	1
48773 1 3	1
48774 1 2	1
48777 2 3	1
48778 1 3	1
48782 2 3	1
48784 3 1	1
48793 3 1	1
48794 2 3	1
48798 2 3	1
48801 2 3	1
48810 1 3	1
48826 1 2	1
48829 1 3	1
48836 2 3	1
48837 1 3	1
48855 3 1	1
48866 1 3	1
48877 2 3	1
48889 1 3	1
48892 1 2	1
48895 1 3	1
48897 3 1	1
48903 2 3	1
48930 2 3	1
48933 1 3	1
48941 1 3	1
48942 3 2	1
48949 1 3	1
48963 2 3	1
48970 1 3	1
48973 1 3	1
48987 2 1	1
48996 2 3	1
49007 1 2	1
49011 1 3	1
49026 2 3	1
49034 1 3	1
49046 1 2	1
49048 2 3	1
49059 1 2	1
49063 2 3	1
49064 2 1	1
49077 2 3	1
4908 2 3	1
49085 2 3	1
49088 1 2	1
49089 3 1	1
49090 1 2	1
49097 2 3	1
49109 1 2	1
4911 3 2	1
49121 3 2	1
49123 2 3	1
49124 3 1	1
49154 1 2	1
49182 3 1	1
4919 2 3	1
49193 2 3	1
49198 2 3	1
49202 1 3	1
49208 2 3	1
49217 1 3	1
49221 2 3	1
49229 3 1	1
49233 1 2	1
49238 2 3	1
49247 2 3	1
49257 1 3	1
49276 1 2	1
49297 1 3	1
49300 1 3	1
49309 1 2	1
4931 2 3	1
49310 1 3	1
49321 2 3	1
49322 1 3	1
49326 1 2	1
49327 3 1	1
49336 2 1	1
49342 2 3	1
49356 1 2	1
49361 1 3	1
49369 1 2	1
49370 1 2	1
49378 1 3	1
49379 1 3	1
49385 1 3	1
49399 2 3	1
4940 3 1	1
49401 2 3	1
49404 2 3	1
49406 1 3	1
49407 1 3	1
49413 1 3	1
49421 3 2	1
49434 1 2	1
49439 2 3	1
49442 3 1	1
49448 1 3	1
49455 1 2	1
49464 2 3	1
49471 2 3	1
49478 1 2	1
49488 1 2	1
49490 2 3	1
49497 1 2	1
49499 2 1	1
49508 2 1	1
49517 1 2	1
49518 2 3	1
49527 2 1	1
49532 2 3	1
49550 1 3	1
49564 1 2	1
49566 1 3	1
49568 1 3	1
49572 1 3	1
4959 1 2	1
49603 1 3	1
4961 2 3	1
49610 1 3	1
49618 1 2	1
49630 3 2	1
49647 1 3	1
49651 2 3	1
49654 1 3	1
49656 1 2	1
49657 1 2	1
49666 2 3	1
4967 2 1	1
49679 1 3	1
49681 2 3	1
4969 1 3	1
49702 1 3	1
49705 1 3	1
49717 1 3	1
49726 2 3	1
49727 2 3	1
49730 1 3	1
49744 2 3	1
49745 1 3	1
49752 2 3	1
49754 3 1	1
49758 1 2	1
4976 2 3	1
49761 1 3	1
49768 3 2	1
49769 1 3	1
49786 2 3	1
49787 1 3	1
49794 1 3	1
49799 2 3	1
4980 2 3	1
49809 1 2	1
49831 3 2	1
49849 1 3	1
49883 1 2	1
49884 2 3	1
49899 1 2	1
49909 1 2	1
49913 2 1	1
49918 2 3	1
49921 1 2	1
49940 1 3	1
4995 3 1	1
49959 1 3	1
4996 3 1	1
4997 1 2	1
49982 3 2	1
49996 3 2	1
500 2 3	1
5002 3 1	1
5018 1 2	1
5026 2 3	1
5037 3 2	1
5043 2 3	1
5053 1 3	1
5065 3 2	1
5075 1 2	1
5088 3 1	1
5090 1 3	1
5097 2 3	1
5099 1 3	1
5100 1 2	1
5102 3 2	1
5113 3 2	1
5121 1 3	1
5123 1 2	1
5124 1 2	1
513 2 1	1
5144 1 2	1
5146 3 1	1
5147 1 2	1
5149 1 3	1
5156 2 1	1
5159 2 1	1
5160 2 3	1
5173 1 2	1
5176 1 2	1
5177 1 2	1
5188 1 2	1
5201 3 1	1
5211 1 3	1
5220 1 2	1
5223 1 2	1
524 1 3	1
5254 3 1	1
5265 2 3	1
5268 1 2	1
5270 2 3	1
5271 1 3	1
5297 1 3	1
5298 1 3	1
5300 2 3	1
5311 2 3	1
5343 1 3	1
5350 1 2	1
5365 3 2	1
5366 2 1	1
5373 2 3	1
5383 1 3	1
5390 1 3	1
5402 1 2	1
5404 1 3	1
5405 3 1	1
5409 2 3	1
5415 1 3	1
5425 1 3	1
5427 1 2	1
5428 1 3	1
5430 1 2	1
5442 1 3	1
5446 1 3	1
5462 1 3	1
5466 1 3	1
5473 2 3	1
5482 2 3	1
5487 2 3	1
5496 1 2	1
550 3 1	1
5504 3 1	1
5516 2 3	1
5539 2 3	1
5544 3 1	1
555 1 2	1
5555 2 3	1
5575 1 3	1
5576 3 1	1
5582 2 3	1
5595 1 3	1
5604 3 1	1
561 3 2	1
5614 3 1	1
5623 1 3	1
5627 1 3	1
5630 1 2	1
5631 2 3	1
5653 2 3	1
5675 1 3	1
5676 1 3	1
5688 2 3	1
5689 1 2	1
569 2 3	1
5691 1 2	1
5693 1 3	1
5702 1 3	1
571 1 2	1
5720 2 3	1
5725 2 3	1
5728 1 2	1
5735 2 3	1
5768 1 3	1
5770 1 3	1
5775 1 3	1
5783 3 1	1
5785 1 2	1
5789 3 2	1
5794 3 2	1
5811 1 3	1
5815 2 3	1
5823 2 3	1
584 2 3	1
5842 3 1	1
5844 2 3	1
5851 1 2	1
5863 3 2	1
5865 3 2	1
5866 1 2	1
5870 2 3	1
5871 1 3	1
5879 2 3	1
5890 3 2	1
5898 1 2	1
5906 2 3	1
5912 2 1	1
5921 1 3	1
5940 3 2	1
5948 3 2	1
5949 2 3	1
5952 2 3	1
5953 2 3	1
5961 2 3	1
5962 2 3	1
5973 3 2	1
5976 3 2	1
5979 2 3	1
5981 3 1	1
5984 1 2	1
5994 1 3	1
5999 2 3	1
6009 2 3	1
6011 3 1	1
6038 2 3	1
6044 1 2	1
6048 1 2	1
6049 1 3	1
6069 2 3	1
6072 2 1	1
6073 1 2	1
6076 1 3	1
6079 1 2	1
6085 1 3	1
6086 1 2	1
6098 1 3	1
6114 3 2	1
6119 2 3	1
6139 3 2	1
6142 1 2	1
6162 2 3	1
6166 3 2	1
6174 2 3	1
6186 2 3	1
6197 1 2	1
6205 1 2	1
6206 1 2	1
6210 2 3	1
6216 1 3	1
623 2 3	1
6240 2 3	1
6249 1 2	1
6265 2 3	1
6269 3 1	1
627 1 2	1
6285 1 3	1
6289 1 3	1
629 3 1	1
6292 1 2	1
63 1 3	1
6319 2 3	1
6326 2 3	1
6327 3 2	1
6346 3 2	1
6347 1 2	1
6352 1 3	1
6357 3 2	1
6361 3 2	1
6368 1 3	1
6378 1 3	1
6392 1 2	1
6396 2 3	1
64 2 1	1
6403 2 3	1
642 3 2	1
6437 2 3	1
6440 2 3	1
6444 3 2	1
6453 2 3	1
6458 3 1	1
6470 2 3	1
6471 2 3	1
6476 2 3	1
6479 1 3	1
6489 2 1	1
6496 2 3	1
6511 2 3	1
6512 2 3	1
6516 1 2	1
6521 1 3	1
6522 2 3	1
6531 1 2	1
6545 1 2	1
6547 1 2	1
6550 1 3	1
6556 1 2	1
6566 1 3	1
6573 2 3	1
6574 2 3	1
6578 2 3	1
6581 3 2	1
6587 2 3	1
659 1 2	1
6591 1 3	1
6592 1 3	1
6594 1 3	1
66 2 3	1
6601 2 3	1
6613 3 2	1
6615 2 3	1
6618 2 1	1
6620 2 3	1
6627 1 2	1
664 1 2	1
6655 1 2	1
6657 2 1	1
6658 2 3	1
666 3 2	1
6665 1 3	1
6667 3 2	1
6669 1 2	1
6682 1 3	1
6688 3 2	1
6714 2 1	1
6719 1 2	1
6726 1 3	1
6730 1 3	1
6732 2 3	1
6741 3 2	1
6746 2 3	1
6749 3 2	1
6751 1 3	1
6757 1 3	1
6759 1 3	1
6762 1 3	1
6765 1 3	1
6766 2 3	1
678 3 1	1
6781 1 2	1
6784 1 3	1
6789 1 2	1
679 2 3	1
6790 3 1	1
6791 2 1	1
6802 2 3	1
6814 1 3	1
6819 1 3	1
6823 3 1	1
6824 2 3	1
6825 1 2	1
6826 2 3	1
683 1 3	1
684 1 2	1
6845 1 2	1
686 1 2	1
6868 1 3	1
6875 1 3	1
6882 1 3	1
6885 2 3	1
6889 3 2	1
689 2 3	1
6893 1 2	1
690 2 3	1
6908 1 3	1
6918 2 1	1
6920 1 2	1
6931 1 3	1
6934 2 3	1
6942 1 2	1
6950 1 2	1
6952 2 3	1
6958 1 3	1
6967 1 3	1
6973 1 3	1
6984 2 1	1
6999 1 3	1
7 1 3	1
7001 3 2	1
7008 1 3	1
7023 2 1	1
7024 1 2	1
7036 3 2	1
7059 1 2	1
7079 1 2	1
7081 3 1	1
7094 3 2	1
7095 1 3	1
7107 2 3	1
7110 2 3	1
7116 2 3	1
712 1 3	1
7121 2 3	1
7125 1 3	1
7144 1 2	1
7155 1 3	1
7156 1 2	1
7159 1 3	1
7160 1 3	1
7168 3 1	1
7171 2 3	1
7176 3 2	1
7183 1 3	1
7194 2 3	1
7200 1 3	1
7205 2 3	1
7213 2 3	1
7225 1 2	1
7226 3 2	1
723 2 1	1
7237 2 1	1
7238 2 3	1
7257 1 3	1
7268 2 3	1
7281 2 3	1
7286 3 1	1
7292 3 1	1
7294 1 3	1
7299 1 3	1
7303 1 2	1
7320 1 3	1
7321 2 3	1
7329 1 3	1
7331 3 1	1
7338 2 3	1
7347 1 3	1
7348 2 3	1
7349 2 3	1
7353 2 3	1
7362 3 1	1
7372 1 3	1
7376 3 1	1
7378 2 3	1
7388 1 3	1
7402 1 2	1
7405 3 1	1
7411 3 2	1
742 2 3	1
7430 2 3	1
7442 2 3	1
7446 1 2	1
7448 3 1	1
7461 2 3	1
7464 1 3	1
7466 3 2	1
7467 2 3	1
7478 1 3	1
7481 1 2	1
7489 1 3	1
7496 2 3	1
7498 1 2	1
7504 1 3	1
7518 1 2	1
7525 1 2	1
7532 3 1	1
7538 3 1	1
755 1 2	1
7556 2 3	1
7565 2 3	1
7580 2 3	1
7588 3 1	1
7590 2 3	1
7593 3 1	1
7600 1 2	1
7615 2 3	1
7618 1 3	1
762 1 2	1
7624 3 2	1
7627 1 3	1
763 2 3	1
7634 3 1	1
7651 3 2	1
7655 1 3	1
7659 1 2	1
7681 1 2	1
7702 1 3	1
7706 1 3	1
7707 2 3	1
7723 3 1	1
773 2 1	1
7730 3 2	1
7732 2 3	1
7733 3 1	1
7739 3 1	1
7747 1 3	1
7749 2 3	1
7760 1 3	1
7764 1 2	1
7769 3 2	1
7773 1 2	1
7784 1 2	1
78 2 3	1
7824 1 2	1
7834 1 3	1
7839 2 3	1
7844 1 3	1
7845 3 2	1
7853 1 3	1
7879 2 3	1
788 1 3	1
7903 2 1	1
7905 1 3	1
7921 2 3	1
7929 2 3	1
794 1 2	1
7940 1 2	1
7951 3 2	1
7954 2 3	1
7957 2 1	1
7962 1 3	1
7981 3 2	1
8 3 2	1
8016 1 2	1
8017 2 3	1
8026 3 1	1
8031 2 3	1
8047 2 3	1
8051 1 2	1
8068 2 1	1
8069 1 3	1
8072 2 1	1
8082 1 3	1
8084 1 3	1
809 1 3	1
8092 1 2	1
8108 1 2	1
8109 1 2	1
8110 3 1	1
812 2 3	1
8121 1 3	1
813 1 3	1
8133 2 3	1
8135 1 3	1
8141 1 3	1
8143 1 2	1
8144 1 2	1
8146 2 1	1
8173 3 2	1
8174 1 3	1
8178 1 3	1
8194 1 3	1
8198 3 1	1
8211 1 2	1
8216 2 3	1
8219 1 3	1
822 1 3	1
8222 2 3	1
8223 1 3	1
8224 1 2	1
8230 1 3	1
827 2 3	1
8286 3 2	1
829 3 1	1
8299 2 1	1
8316 1 2	1
8324 1 3	1
8325 2 3	1
8330 2 3	1
8339 3 2	1
8340 2 3	1
8358 3 2	1
8359 2 3	1
8364 1 2	1
8366 1 2	1
8376 1 3	1
8377 2 1	1
8389 1 3	1
8390 1 3	1
8396 3 2	1
841 2 3	1
8412 2 3	1
8413 2 3	1
8415 2 3	1
8429 2 3	1
8433 2 3	1
8439 1 3	1
8450 1 3	1
8453 1 3	1
8476 3 2	1
8479 2 1	1
8487 1 3	1
8488 1 3	1
8492 2 3	1
8501 1 2	1
8505 1 3	1
8512 1 3	1
8522 2 3	1
8524 3 2	1
8529 2 3	1
8536 2 1	1
8540 2 1	1
8544 2 3	1
856 1 2	1
8560 1 2	1
8569 1 3	1
8579 1 3	1
8608 1 2	1
8621 1 2	1
8624 2 1	1
8628 1 3	1
863 1 2	1
8641 2 3	1
8644 2 3	1
865 2 3	1
8656 1 3	1
8659 2 3	1
8661 1 2	1
8665 2 3	1
8678 3 1	1
8683 3 2	1
869 1 3	1
8695 2 3	1
8708 2 3	1
8720 1 3	1
8723 3 1	1
8725 2 3	1
873 1 3	1
8731 1 3	1
8732 1 2	1
8758 2 3	1
8766 1 3	1
8767 1 2	1
8795 1 3	1
8796 2 3	1
8805 2 3	1
8808 3 1	1
8815 1 3	1
8820 1 3	1
8824 2 3	1
8837 1 3	1
8853 2 1	1
8854 3 2	1
8865 2 3	1
8879 2 3	1
8893 1 2	1
8894 2 3	1
8896 2 1	1
8902 1 2	1
891 2 3	1
8917 2 1	1
8922 2 1	1
8926 1 2	1
8941 1 3	1
8942 1 3	1
8952 1 3	1
8954 1 3	1
8961 3 2	1
897 1 3	1
8972 1 2	1
8974 2 3	1
8975 2 3	1
8981 1 3	1
8984 2 3	1
8992 3 2	1
8993 1 3	1
8994 2 3	1
9003 3 2	1
9011 3 2	1
9019 2 3	1
9028 1 2	1
9037 2 3	1
9054 1 3	1
9061 1 3	1
9080 3 2	1
9092 1 2	1
9100 1 3	1
9104 1 3	1
9110 3 2	1
9112 1 3	1
9114 1 3	1
9128 2 1	1
913 2 3	1
9131 3 1	1
9132 2 3	1
9134 2 3	1
9138 2 3	1
9141 1 3	1
9144 1 3	1
9149 2 3	1
9152 3 1	1
9163 3 1	1
9167 2 3	1
917 2 3	1
9172 1 3	1
9185 2 1	1
9186 2 3	1
9189 1 2	1
9193 1 2	1
9196 1 3	1
9202 2 3	1
9227 1 2	1
923 2 1	1
9237 1 2	1
924 3 2	1
9248 2 3	1
9255 2 3	1
9273 1 3	1
9276 1 3	1
9281 2 3	1
9284 1 3	1
9288 2 1	1
9292 3 1	1
9301 2 3	1
9310 1 3	1
9315 2 1	1
9316 2 3	1
9317 1 2	1
9318 1 3	1
9323 1 2	1
9325 1 3	1
9338 1 3	1
9342 2 3	1
9359 2 1	1
9361 1 2	1
9366 3 2	1
9372 1 2	1
9386 1 2	1
9396 1 3	1
94 3 1	1
9400 1 3	1
9419 1 2	1
9427 1 3	1
9430 1 3	1
9456 1 2	1
9464 1 2	1
9471 2 3	1
9474 1 3	1
9475 2 3	1
9491 2 3	1
9496 1 3	1
9497 3 1	1
9506 1 3	1
9507 3 2	1
9510 2 3	1
9517 2 3	1
9518 1 3	1
9520 1 3	1
9522 1 3	1
9529 3 2	1
9530 2 3	1
9531 1 2	1
9545 1 2	1
9570 1 2	1
9571 1 3	1
9579 1 2	1
9580 2 3	1
9584 3 1	1
959 2 1	1
962 1 2	1
9632 3 2	1
9637 1 3	1
9639 2 3	1
9647 1 3	1
9649 1 2	1
9656 2 3	1
9659 3 2	1
9666 2 3	1
9669 2 3	1
9670 1 3	1
9673 3 2	1
9674 2 3	1
9697 2 3	1
9699 2 3	1
9703 1 3	1
9708 1 3	1
9721 1 2	1
9734 2 3	1
9740 2 3	1
9745 1 2	1
9753 2 1	1
9761 2 1	1
9785 1 2	1
9786 1 2	1
9789 1 2	1
979 1 3	1
9807 3 2	1
9820 2 3	1
9824 2 3	1
9825 2 3	1
9861 2 3	1
9879 2 3	1
9885 1 3	1
9886 1 2	1
989 1 2	1
9901 1 3	1
9902 1 3	1
9904 2 3	1
9913 1 2	1
9915 3 2	1
9916 2 3	1
9917 1 3	1
9925 3 1	1
9939 1 2	1
9942 2 3	1
9978 3 2	1
9982 1 2	1
9989 1 2	1
