100 1	13
100 2	-6
100 3	16
101 1	-6
101 2	20
101 3	28
102 1	-4
102 2	-20
102 3	25
103 1	7
103 2	-26
103 3	12
104 1	3
104 2	-13
104 3	8
105 1	-7
105 2	4
105 3	4
106 1	5
106 2	0
106 3	5
107 1	-46
107 2	-4
107 3	-36
108 1	-25
108 2	0
108 3	31
109 1	0
109 2	-5
109 3	3
110 1	-20
110 2	8
110 3	10
111 1	-9
111 2	0
111 3	8
112 1	-16
112 2	-7
112 3	3
113 1	0
113 2	14
113 3	-16
114 1	10
114 2	-25
114 3	28
115 1	-4
115 2	-7
115 3	10
116 1	-12
116 2	6
116 3	8
117 1	-23
117 2	16
117 3	7
118 1	-7
118 2	-12
118 3	-16
119 1	4
119 2	-25
119 3	29
120 1	-12
120 2	-14
120 3	-6
121 1	-13
121 2	8
121 3	0
122 1	-11
122 2	8
122 3	0
123 1	-13
123 2	-3
123 3	18
124 1	-8
124 2	8
124 3	3
125 1	-17
125 2	8
125 3	9
126 1	-30
126 2	-4
126 3	-28
127 1	12
127 2	-17
127 3	10
128 1	-3
128 2	-3
128 3	5
129 1	8
129 2	3
129 3	-10
130 1	-27
130 2	6
130 3	11
131 1	-24
131 2	-5
131 3	-16
132 1	-23
132 2	-4
132 3	20
133 1	15
133 2	20
133 3	0
134 1	-30
134 2	6
134 3	16
135 1	10
135 2	-17
135 3	8
136 1	-11
136 2	0
136 3	11
137 1	-12
137 2	-17
137 3	40
138 1	27
138 2	0
138 3	17
139 1	-21
139 2	2
139 3	25
140 1	-4
140 2	-21
140 3	30
141 1	-17
141 2	0
141 3	19
142 1	-14
142 2	-11
142 3	34
143 1	-4
143 2	8
143 3	-2
144 1	-21
144 2	7
144 3	39
145 1	-17
145 2	23
145 3	3
146 1	-9
146 2	13
146 3	-5
147 1	26
147 2	16
147 3	5
148 1	-17
148 2	-18
148 3	45
149 1	-25
149 2	-5
149 3	19
150 1	-19
150 2	0
150 3	20
151 1	-3
151 2	4
151 3	0
152 1	-16
152 2	-20
152 3	40
153 1	25
153 2	-16
153 3	0
154 1	-16
154 2	-5
154 3	27
155 1	-9
155 2	5
155 3	3
156 1	4
156 2	6
156 3	-4
157 1	-11
157 2	-3
157 3	9
158 1	0
158 2	-18
158 3	41
159 1	0
159 2	-15
159 3	17
160 1	-16
160 2	2
160 3	12
161 1	11
161 2	-4
161 3	-4
162 1	-3
162 2	-13
162 3	17
163 1	18
163 2	0
163 3	20
164 1	-21
164 2	-7
164 3	12
165 1	0
165 2	0
165 3	0
166 1	-15
166 2	-8
166 3	22
167 1	-17
167 2	0
167 3	13
168 1	-7
168 2	0
168 3	6
169 1	-16
169 2	-3
169 3	16
170 1	-5
170 2	-12
170 3	20
171 1	-12
171 2	0
171 3	13
172 1	12
172 2	0
172 3	13
173 1	5
173 2	-7
173 3	3
174 1	-17
174 2	0
174 3	18
175 1	7
175 2	0
175 3	8
176 1	-10
176 2	21
176 3	7
177 1	-23
177 2	-10
177 3	32
178 1	-26
178 2	-28
178 3	72
179 1	23
179 2	-12
179 3	0
180 1	-17
180 2	-8
180 3	19
181 1	-6
181 2	3
181 3	-6
182 1	-11
182 2	13
182 3	0
183 1	15
183 2	-3
183 3	19
184 1	-16
184 2	-4
184 3	26
185 1	8
185 2	-12
185 3	7
186 1	-22
186 2	23
186 3	7
187 1	-5
187 2	-3
187 3	5
188 1	5
188 2	11
188 3	-9
189 1	-12
189 2	0
189 3	12
190 1	-17
190 2	4
190 3	14
191 1	12
191 2	-20
191 3	21
192 1	4
192 2	-15
192 3	8
193 1	-37
193 2	-8
193 3	30
194 1	-10
194 2	-5
194 3	5
195 1	-12
195 2	-15
195 3	33
196 1	-18
196 2	-5
196 3	21
197 1	13
197 2	20
197 3	0
198 1	4
198 2	-12
198 3	7
199 1	-28
199 2	-6
199 3	37
200 1	4
200 2	-14
200 3	-8
201 1	-18
201 2	-23
201 3	-35
202 1	-3
202 2	-8
202 3	19
203 1	-12
203 2	-20
203 3	25
204 1	7
204 2	-15
204 3	6
205 1	-19
205 2	0
205 3	13
206 1	-4
206 2	0
206 3	-3
207 1	-14
207 2	-9
207 3	23
208 1	-7
208 2	-8
208 3	0
209 1	-3
209 2	-20
209 3	23
210 1	-25
210 2	16
210 3	14
211 1	-14
211 2	-11
211 3	40
212 1	-3
212 2	-3
212 3	-9
213 1	3
213 2	-9
213 3	7
214 1	2
214 2	32
214 3	30
215 1	-14
215 2	31
215 3	-3
216 1	-11
216 2	9
216 3	6
217 1	-18
217 2	-4
217 3	30
218 1	33
218 2	-24
218 3	3
219 1	0
219 2	19
219 3	14
220 1	-33
220 2	-12
220 3	-37
221 1	0
221 2	-12
221 3	11
222 1	-10
222 2	0
222 3	14
223 1	-21
223 2	9
223 3	13
224 1	-7
224 2	5
224 3	3
225 1	0
225 2	-11
225 3	12
226 1	-12
226 2	11
226 3	3
227 1	15
227 2	-4
227 3	13
228 1	-13
228 2	7
228 3	6
229 1	-20
229 2	8
229 3	8
230 1	-12
230 2	8
230 3	3
231 1	-10
231 2	0
231 3	-11
232 1	0
232 2	-30
232 3	47
233 1	-21
233 2	-8
233 3	23
234 1	0
234 2	11
234 3	-11
235 1	-10
235 2	20
235 3	-10
236 1	-7
236 2	-12
236 3	23
237 1	-19
237 2	-11
237 3	28
238 1	0
238 2	14
238 3	16
239 1	-8
239 2	0
239 3	-7
240 1	-4
240 2	-8
240 3	11
241 1	-20
241 2	-22
241 3	78
242 1	-6
242 2	-4
242 3	10
243 1	-24
243 2	-9
243 3	39
244 1	-19
244 2	-23
244 3	-37
245 1	9
245 2	-8
245 3	0
246 1	6
246 2	-17
246 3	8
247 1	9
247 2	28
247 3	13
248 1	-12
248 2	-4
248 3	21
249 1	-3
249 2	-6
249 3	9
250 1	7
250 2	-15
250 3	-10
251 1	3
251 2	-20
251 3	20
252 1	-3
252 2	-6
252 3	2
253 1	-14
253 2	-3
253 3	18
254 1	-9
254 2	0
254 3	11
255 1	-33
255 2	11
255 3	30
256 1	-18
256 2	3
256 3	-18
257 1	7
257 2	3
257 3	3
258 1	-7
258 2	31
258 3	21
259 1	-5
259 2	-20
259 3	20
260 1	0
260 2	-19
260 3	16
261 1	-12
261 2	16
261 3	-8
262 1	-18
262 2	-18
262 3	40
263 1	-17
263 2	7
263 3	26
264 1	-2
264 2	-17
264 3	-20
265 1	-33
265 2	0
265 3	34
266 1	-13
266 2	-3
266 3	17
267 1	-13
267 2	-12
267 3	28
268 1	-3
268 2	-13
268 3	18
269 1	-17
269 2	4
269 3	-12
270 1	0
270 2	15
270 3	-17
271 1	-18
271 2	3
271 3	12
272 1	-31
272 2	-3
272 3	31
273 1	10
273 2	-9
273 3	3
274 1	-29
274 2	-13
274 3	62
275 1	-9
275 2	33
275 3	42
276 1	-8
276 2	0
276 3	7
277 1	-14
277 2	-11
277 3	0
278 1	-6
278 2	-13
278 3	23
279 1	-28
279 2	-3
279 3	40
280 1	6
280 2	-15
280 3	8
281 1	-30
281 2	38
281 3	3
282 1	0
282 2	-13
282 3	13
283 1	0
283 2	34
283 3	41
284 1	-5
284 2	12
284 3	-4
285 1	-4
285 2	-31
285 3	32
286 1	0
286 2	-11
286 3	20
287 1	-20
287 2	-20
287 3	42
288 1	-16
288 2	-18
288 3	0
289 1	-28
289 2	-3
289 3	-30
290 1	-7
290 2	-20
290 3	39
291 1	-29
291 2	17
291 3	31
292 1	-10
292 2	6
292 3	6
293 1	-12
293 2	10
293 3	0
294 1	-7
294 2	0
294 3	-7
295 1	-8
295 2	3
295 3	2
296 1	0
296 2	9
296 3	-8
297 1	-18
297 2	3
297 3	19
298 1	-15
298 2	0
298 3	14
299 1	-25
299 2	6
299 3	20
300 1	-18
300 2	18
300 3	4
301 1	-6
301 2	4
301 3	2
302 1	0
302 2	0
302 3	0
303 1	-17
303 2	-12
303 3	44
304 1	-11
304 2	0
304 3	12
305 1	-33
305 2	12
305 3	17
306 1	0
306 2	-4
306 3	-3
307 1	39
307 2	0
307 3	30
308 1	0
308 2	3
308 3	4
309 1	0
309 2	12
309 3	-11
310 1	-15
310 2	-4
310 3	20
311 1	15
311 2	-24
311 3	15
312 1	-4
312 2	-2
312 3	8
313 1	5
313 2	-5
313 3	8
314 1	-9
314 2	-26
314 3	-29
315 1	7
315 2	-3
315 3	0
316 1	-29
316 2	5
316 3	18
317 1	-8
317 2	-25
317 3	47
318 1	-30
318 2	13
318 3	19
319 1	-12
319 2	7
319 3	-14
320 1	-4
320 2	0
320 3	4
321 1	17
321 2	10
321 3	14
322 1	-12
322 2	-10
322 3	28
323 1	-14
323 2	-5
323 3	15
324 1	-12
324 2	-21
324 3	50
325 1	-10
325 2	-9
325 3	18
326 1	3
326 2	-28
326 3	35
327 1	-10
327 2	-4
327 3	6
328 1	-11
328 2	3
328 3	5
329 1	-10
329 2	-4
329 3	18
330 1	-4
330 2	-21
330 3	26
331 1	-12
331 2	-15
331 3	40
332 1	52
332 2	23
332 3	65
333 1	-14
333 2	-17
333 3	-27
334 1	-19
334 2	-23
334 3	70
335 1	-7
335 2	-7
335 3	15
336 1	-4
336 2	-25
336 3	28
337 1	-18
337 2	0
337 3	17
338 1	-16
338 2	-3
338 3	-13
339 1	9
339 2	-10
339 3	3
340 1	5
340 2	5
340 3	0
341 1	-4
341 2	-15
341 3	26
342 1	-10
342 2	-3
342 3	14
343 1	6
343 2	-10
343 3	8
344 1	-13
344 2	-4
344 3	16
345 1	22
345 2	-10
345 3	25
346 1	-4
346 2	0
346 3	4
347 1	-4
347 2	-16
347 3	-14
348 1	-3
348 2	-13
348 3	15
349 1	-19
349 2	4
349 3	10
350 1	-14
350 2	-3
350 3	20
351 1	60
351 2	12
351 3	31
352 1	-23
352 2	-5
352 3	10
353 1	-3
353 2	4
353 3	0
354 1	7
354 2	-13
354 3	7
355 1	-18
355 2	3
355 3	20
356 1	-8
356 2	-8
356 3	13
357 1	-12
357 2	7
357 3	-9
358 1	0
358 2	0
358 3	0
359 1	-9
359 2	-32
359 3	52
360 1	0
360 2	-10
360 3	8
361 1	-21
361 2	-13
361 3	34
362 1	-7
362 2	-7
362 3	22
363 1	-4
363 2	-12
363 3	-18
364 1	-20
364 2	11
364 3	8
365 1	15
365 2	-8
365 3	27
366 1	-32
366 2	-3
366 3	30
367 1	-9
367 2	-10
367 3	24
368 1	-9
368 2	-6
368 3	23
369 1	-20
369 2	21
369 3	8
370 1	3
370 2	-10
370 3	18
371 1	-8
371 2	11
371 3	-4
372 1	0
372 2	-3
372 3	-3
373 1	0
373 2	4
373 3	-3
374 1	-11
374 2	-6
374 3	13
375 1	17
375 2	-6
375 3	3
376 1	-3
376 2	-6
376 3	10
377 1	-15
377 2	0
377 3	12
378 1	-10
378 2	0
378 3	8
379 1	-9
379 2	-4
379 3	13
380 1	-17
380 2	6
380 3	11
381 1	-20
381 2	22
381 3	0
382 1	31
382 2	-8
382 3	15
383 1	8
383 2	-8
383 3	0
384 1	-17
384 2	-3
384 3	25
385 1	4
385 2	-8
385 3	3
386 1	-7
386 2	-3
386 3	14
387 1	-4
387 2	-3
387 3	7
388 1	11
388 2	-9
388 3	0
389 1	-10
389 2	-22
389 3	34
390 1	0
390 2	-47
390 3	61
391 1	-30
391 2	19
391 3	16
392 1	-6
392 2	-10
392 3	19
393 1	-6
393 2	-4
393 3	10
394 1	-4
394 2	0
394 3	3
395 1	-4
395 2	9
395 3	-13
396 1	0
396 2	-8
396 3	6
397 1	-17
397 2	21
397 3	5
398 1	13
398 2	-28
398 3	13
399 1	3
399 2	-3
399 3	0
400 1	-23
400 2	5
400 3	-26
401 1	-11
401 2	11
401 3	-15
402 1	0
402 2	0
402 3	0
403 1	-18
403 2	0
403 3	20
404 1	-10
404 2	-23
404 3	29
405 1	-24
405 2	0
405 3	30
406 1	0
406 2	0
406 3	0
407 1	17
407 2	9
407 3	24
408 1	-30
408 2	-3
408 3	-21
409 1	-9
409 2	24
409 3	-13
410 1	0
410 2	4
410 3	-2
411 1	-28
411 2	-4
411 3	19
412 1	-18
412 2	-12
412 3	33
413 1	-10
413 2	4
413 3	14
414 1	-6
414 2	-6
414 3	16
415 1	15
415 2	4
415 3	11
416 1	-16
416 2	23
416 3	3
417 1	-30
417 2	-3
417 3	42
418 1	-11
418 2	-26
418 3	40
419 1	-30
419 2	18
419 3	-14
420 1	14
420 2	22
420 3	-3
421 1	-6
421 2	5
421 3	11
422 1	-16
422 2	-3
422 3	15
423 1	-20
423 2	3
423 3	21
424 1	-32
424 2	-10
424 3	52
425 1	-14
425 2	-3
425 3	24
426 1	-17
426 2	42
426 3	-5
427 1	-10
427 2	11
427 3	3
428 1	-20
428 2	0
428 3	35
429 1	-23
429 2	0
429 3	24
430 1	-25
430 2	4
430 3	35
431 1	-9
431 2	-3
431 3	10
432 1	0
432 2	-2
432 3	3
433 1	0
433 2	-11
433 3	19
434 1	13
434 2	-11
434 3	23
435 1	3
435 2	-13
435 3	14
436 1	-22
436 2	23
436 3	5
437 1	0
437 2	-27
437 3	26
438 1	-3
438 2	-16
438 3	23
439 1	24
439 2	7
439 3	17
440 1	-10
440 2	3
440 3	17
441 1	-13
441 2	-7
441 3	28
442 1	-4
442 2	-9
442 3	7
443 1	-18
443 2	18
443 3	-3
444 1	-11
444 2	-24
444 3	37
445 1	-14
445 2	-8
445 3	9
446 1	-12
446 2	12
446 3	5
447 1	3
447 2	-18
447 3	15
448 1	12
448 2	-16
448 3	25
449 1	-12
449 2	0
449 3	17
450 1	-7
450 2	5
450 3	3
451 1	-13
451 2	7
451 3	20
452 1	2
452 2	-10
452 3	-3
453 1	15
453 2	-16
453 3	7
454 1	-16
454 2	12
454 3	8
455 1	-20
455 2	0
455 3	20
456 1	-6
456 2	-11
456 3	18
457 1	-29
457 2	-13
457 3	-20
458 1	-6
458 2	-25
458 3	36
459 1	-5
459 2	-10
459 3	8
460 1	-4
460 2	-22
460 3	26
461 1	-16
461 2	-6
461 3	19
462 1	-17
462 2	-5
462 3	28
463 1	9
463 2	-11
463 3	3
464 1	-12
464 2	-10
464 3	0
465 1	-15
465 2	-16
465 3	0
466 1	-14
466 2	-6
466 3	19
467 1	-13
467 2	-4
467 3	22
468 1	-14
468 2	17
468 3	0
469 1	0
469 2	4
469 3	-4
470 1	-20
470 2	-3
470 3	17
471 1	10
471 2	-16
471 3	9
472 1	13
472 2	6
472 3	-16
473 1	23
473 2	4
473 3	18
474 1	-27
474 2	-12
474 3	51
475 1	-10
475 2	18
475 3	-3
476 1	28
476 2	36
476 3	-3
477 1	-22
477 2	6
477 3	-11
478 1	-3
478 2	-2
478 3	8
479 1	-12
479 2	4
479 3	20
480 1	4
480 2	-17
480 3	13
481 1	-4
481 2	-10
481 3	15
482 1	-23
482 2	10
482 3	-18
483 1	-4
483 2	5
483 3	0
484 1	14
484 2	-22
484 3	50
485 1	-5
485 2	0
485 3	2
486 1	-14
486 2	4
486 3	21
487 1	-3
487 2	-12
487 3	15
488 1	-6
488 2	10
488 3	-4
489 1	4
489 2	-14
489 3	25
490 1	-15
490 2	-5
490 3	13
491 1	-16
491 2	8
491 3	7
492 1	-7
492 2	-12
492 3	25
493 1	-7
493 2	-9
493 3	17
494 1	0
494 2	0
494 3	0
495 1	-19
495 2	4
495 3	41
496 1	-14
496 2	0
496 3	9
497 1	-11
497 2	-5
497 3	18
498 1	20
498 2	8
498 3	8
499 1	-11
499 2	0
499 3	8
500 1	-21
500 2	-9
500 3	36
